Time (seconds), Duration (seconds),pred_unlabelled,pred_other,pred_good,pred_broken,pred_heavyload
0.00000,0.52194,0.00000,0.99996,0.00003,0.00000,0.00000
0.14000,0.52194,0.00000,0.99996,0.00003,0.00000,0.00000
0.28000,0.52194,0.00000,0.99998,0.00002,0.00000,0.00000
0.42000,0.52194,0.00000,0.99992,0.00006,0.00000,0.00002
0.56000,0.52194,0.00000,0.99988,0.00008,0.00001,0.00003
0.70000,0.52194,0.00000,0.99981,0.00014,0.00002,0.00004
0.84000,0.52194,0.00000,0.99975,0.00019,0.00002,0.00004
0.98000,0.52194,0.00000,0.99978,0.00018,0.00001,0.00004
1.12000,0.52194,0.00000,0.99710,0.00204,0.00005,0.00081
1.26000,0.52194,0.00001,0.98919,0.00813,0.00008,0.00259
1.40000,0.52194,0.00003,0.98652,0.01223,0.00011,0.00112
1.54000,0.52194,0.00001,0.99426,0.00401,0.00004,0.00168
1.68000,0.52194,0.00000,0.99512,0.00129,0.00002,0.00356
1.82000,0.52194,0.00001,0.98865,0.00437,0.00004,0.00693
1.96000,0.52194,0.00002,0.97719,0.01937,0.00009,0.00333
2.10000,0.52194,0.00002,0.97156,0.02648,0.00013,0.00180
2.24000,0.52194,0.00001,0.99594,0.00295,0.00008,0.00103
2.38000,0.52194,0.00000,0.99897,0.00070,0.00005,0.00028
2.52000,0.52194,0.00000,0.99986,0.00009,0.00002,0.00002
2.66000,0.52194,0.00000,0.99995,0.00003,0.00001,0.00001
2.80000,0.52194,0.00000,0.99999,0.00001,0.00000,0.00000
2.94000,0.52194,0.00000,0.99998,0.00002,0.00000,0.00000
3.08000,0.52194,0.00000,0.99995,0.00003,0.00001,0.00001
3.22000,0.52194,0.00000,0.99971,0.00023,0.00003,0.00003
3.36000,0.52194,0.00000,0.99961,0.00030,0.00006,0.00004
3.50000,0.52194,0.00000,0.99978,0.00018,0.00002,0.00002
3.64000,0.52194,0.00000,0.99961,0.00028,0.00004,0.00006
3.78000,0.52194,0.00000,0.99987,0.00009,0.00002,0.00002
3.92000,0.52194,0.00000,0.99989,0.00009,0.00001,0.00001
4.06000,0.52194,0.00000,0.99989,0.00007,0.00000,0.00003
4.20000,0.52194,0.00000,0.99986,0.00010,0.00000,0.00004
4.34000,0.52194,0.00000,0.99917,0.00060,0.00002,0.00020
4.48000,0.52194,0.00000,0.99929,0.00058,0.00002,0.00011
4.62000,0.52194,0.00000,0.99945,0.00044,0.00004,0.00007
4.76000,0.52194,0.00000,0.99953,0.00040,0.00003,0.00004
4.90000,0.52194,0.00000,0.99977,0.00017,0.00003,0.00003
5.04000,0.52194,0.00000,0.99984,0.00012,0.00002,0.00002
5.18000,0.52194,0.00000,0.99984,0.00012,0.00001,0.00002
5.32000,0.52194,0.00000,0.99986,0.00011,0.00001,0.00002
5.46000,0.52194,0.00000,0.99991,0.00007,0.00001,0.00002
5.60000,0.52194,0.00000,0.99993,0.00006,0.00001,0.00001
5.74000,0.52194,0.00000,0.99997,0.00003,0.00000,0.00000
5.88000,0.52194,0.00000,0.99999,0.00001,0.00000,0.00000
6.02000,0.52194,0.00000,0.99999,0.00001,0.00000,0.00000
6.16000,0.52194,0.00000,0.99998,0.00002,0.00000,0.00000
6.30000,0.52194,0.00000,0.99997,0.00002,0.00000,0.00000
6.44000,0.52194,0.00000,0.99997,0.00002,0.00000,0.00000
6.58000,0.52194,0.00000,0.99997,0.00002,0.00000,0.00000
6.72000,0.52194,0.00000,0.99996,0.00003,0.00001,0.00001
6.86000,0.52194,0.00000,0.99996,0.00003,0.00001,0.00000
7.00000,0.52194,0.00000,0.99998,0.00002,0.00000,0.00000
7.14000,0.52194,0.00000,0.99998,0.00001,0.00000,0.00000
7.28000,0.52194,0.00000,0.99998,0.00001,0.00000,0.00000
7.42000,0.52194,0.00000,0.99999,0.00001,0.00000,0.00000
7.56000,0.52194,0.00000,0.99999,0.00001,0.00000,0.00000
7.70000,0.52194,0.00000,0.99997,0.00003,0.00000,0.00001
7.84000,0.52194,0.00000,0.99994,0.00004,0.00000,0.00001
7.98000,0.52194,0.00000,0.99990,0.00008,0.00001,0.00001
8.12000,0.52194,0.00000,0.99993,0.00006,0.00000,0.00001
8.26000,0.52194,0.00000,0.99993,0.00005,0.00000,0.00001
8.40000,0.52194,0.00000,0.99989,0.00008,0.00001,0.00002
8.54000,0.52194,0.00000,0.99993,0.00005,0.00000,0.00001
8.68000,0.52194,0.00000,0.99994,0.00004,0.00001,0.00001
8.82000,0.52194,0.00000,0.99997,0.00002,0.00000,0.00000
8.96000,0.52194,0.00000,0.99995,0.00003,0.00001,0.00001
9.10000,0.52194,0.00000,0.99999,0.00001,0.00000,0.00000
9.24000,0.52194,0.00000,0.99999,0.00001,0.00000,0.00000
9.38000,0.52194,0.00000,0.99999,0.00000,0.00000,0.00000
9.52000,0.52194,0.00000,0.99999,0.00000,0.00000,0.00000
9.66000,0.52194,0.00000,1.00000,0.00000,0.00000,0.00000
9.80000,0.52194,0.00000,0.99999,0.00001,0.00000,0.00000
9.94000,0.52194,0.00000,0.99998,0.00001,0.00000,0.00000
10.08000,0.52194,0.00000,0.99996,0.00003,0.00000,0.00001
10.22000,0.52194,0.00000,0.99991,0.00007,0.00001,0.00002
10.36000,0.52194,0.00000,0.99994,0.00005,0.00000,0.00001
10.50000,0.52194,0.00000,0.99991,0.00007,0.00000,0.00002
10.64000,0.52194,0.00000,0.99985,0.00010,0.00001,0.00003
10.78000,0.52194,0.00000,0.99984,0.00011,0.00001,0.00004
10.92000,0.52194,0.00000,0.99990,0.00007,0.00001,0.00002
11.06000,0.52194,0.00000,0.99998,0.00002,0.00000,0.00000
11.20000,0.52194,0.00000,0.99999,0.00001,0.00000,0.00000
11.34000,0.52194,0.00000,0.99999,0.00001,0.00000,0.00000
11.48000,0.52194,0.00000,0.99998,0.00001,0.00000,0.00000
11.62000,0.52194,0.00000,0.99996,0.00003,0.00000,0.00001
11.76000,0.52194,0.00000,0.99994,0.00005,0.00001,0.00001
11.90000,0.52194,0.00000,0.99993,0.00005,0.00001,0.00002
12.04000,0.52194,0.00000,0.99994,0.00004,0.00001,0.00001
12.18000,0.52194,0.00000,0.99996,0.00003,0.00000,0.00000
12.32000,0.52194,0.00000,0.99995,0.00004,0.00000,0.00001
12.46000,0.52194,0.00000,0.99997,0.00002,0.00000,0.00000
12.60000,0.52194,0.00000,0.99995,0.00004,0.00000,0.00001
12.74000,0.52194,0.00000,0.99996,0.00003,0.00000,0.00001
12.88000,0.52194,0.00000,0.99990,0.00008,0.00000,0.00002
13.02000,0.52194,0.00000,0.99991,0.00007,0.00000,0.00002
13.16000,0.52194,0.00000,0.99983,0.00013,0.00001,0.00003
13.30000,0.52194,0.00000,0.99983,0.00013,0.00001,0.00003
13.44000,0.52194,0.00000,0.99961,0.00029,0.00001,0.00009
13.58000,0.52194,0.00000,0.99977,0.00016,0.00001,0.00006
13.72000,0.52194,0.00000,0.99994,0.00005,0.00001,0.00001
13.86000,0.52194,0.00000,0.99996,0.00003,0.00000,0.00000
14.00000,0.52194,0.00000,0.99999,0.00001,0.00000,0.00000
14.14000,0.52194,0.00000,0.99999,0.00001,0.00000,0.00000
14.28000,0.52194,0.00000,0.99999,0.00001,0.00000,0.00000
14.42000,0.52194,0.00000,0.99999,0.00001,0.00000,0.00000
14.56000,0.52194,0.00000,0.99998,0.00001,0.00000,0.00000
14.70000,0.52194,0.00000,0.99997,0.00003,0.00000,0.00001
14.84000,0.52194,0.00000,0.99993,0.00006,0.00000,0.00001
14.98000,0.52194,0.00000,0.99969,0.00023,0.00001,0.00007
15.12000,0.52194,0.00000,0.99946,0.00045,0.00002,0.00008
15.26000,0.52194,0.00000,0.99972,0.00021,0.00001,0.00006
15.40000,0.52194,0.00000,0.99988,0.00010,0.00000,0.00002
15.54000,0.52194,0.00000,0.99992,0.00006,0.00001,0.00002
15.68000,0.52194,0.00000,0.99994,0.00004,0.00000,0.00001
15.82000,0.52194,0.00000,0.99997,0.00002,0.00000,0.00000
15.96000,0.52194,0.00000,0.99999,0.00001,0.00000,0.00000
16.10000,0.52194,0.00000,0.99998,0.00001,0.00000,0.00000
16.24000,0.52194,0.00000,0.99998,0.00002,0.00000,0.00000
16.38000,0.52194,0.00000,0.99996,0.00003,0.00000,0.00001
16.52000,0.52194,0.00000,0.99994,0.00005,0.00000,0.00001
16.66000,0.52194,0.00000,0.99987,0.00010,0.00000,0.00003
16.80000,0.52194,0.00000,0.99981,0.00014,0.00001,0.00004
16.94000,0.52194,0.00000,0.99943,0.00038,0.00001,0.00017
17.08000,0.52194,0.00000,0.99985,0.00011,0.00001,0.00003
17.22000,0.52194,0.00000,0.99993,0.00005,0.00001,0.00001
17.36000,0.52194,0.00000,0.99998,0.00001,0.00000,0.00000
17.50000,0.52194,0.00000,0.99999,0.00001,0.00000,0.00000
17.64000,0.52194,0.00000,0.99999,0.00001,0.00000,0.00000
17.78000,0.52194,0.00000,0.99999,0.00001,0.00000,0.00000
17.92000,0.52194,0.00000,0.99999,0.00001,0.00000,0.00000
18.06000,0.52194,0.00000,0.99999,0.00001,0.00000,0.00000
18.20000,0.52194,0.00000,0.99999,0.00001,0.00000,0.00000
18.34000,0.52194,0.00000,0.99999,0.00001,0.00000,0.00000
18.48000,0.52194,0.00000,0.99999,0.00001,0.00000,0.00000
18.62000,0.52194,0.00000,0.99995,0.00004,0.00000,0.00001
18.76000,0.52194,0.00000,0.99978,0.00016,0.00001,0.00005
18.90000,0.52194,0.00000,0.99941,0.00043,0.00002,0.00014
19.04000,0.52194,0.00000,0.99933,0.00048,0.00003,0.00015
19.18000,0.52194,0.00000,0.99950,0.00037,0.00002,0.00011
19.32000,0.52194,0.00000,0.99962,0.00027,0.00003,0.00008
19.46000,0.52194,0.00000,0.99980,0.00015,0.00002,0.00003
19.60000,0.52194,0.00000,0.99993,0.00005,0.00000,0.00001
19.74000,0.52194,0.00000,0.99997,0.00002,0.00000,0.00001
19.88000,0.52194,0.00000,0.99996,0.00003,0.00000,0.00000
20.02000,0.52194,0.00000,0.99994,0.00004,0.00000,0.00001
20.16000,0.52194,0.00000,0.99989,0.00009,0.00001,0.00001
20.30000,0.52194,0.00000,0.99980,0.00016,0.00001,0.00003
20.44000,0.52194,0.00000,0.99984,0.00014,0.00001,0.00002
20.58000,0.52194,0.00000,0.99981,0.00013,0.00001,0.00005
20.72000,0.52194,0.00000,0.99991,0.00007,0.00001,0.00002
20.86000,0.52194,0.00000,0.99978,0.00015,0.00001,0.00005
21.00000,0.52194,0.00000,0.99993,0.00005,0.00000,0.00001
21.14000,0.52194,0.00000,0.99992,0.00006,0.00000,0.00002
21.28000,0.52194,0.00000,0.99995,0.00004,0.00000,0.00001
21.42000,0.52194,0.00000,0.99994,0.00004,0.00001,0.00001
21.56000,0.52194,0.00000,0.99997,0.00002,0.00000,0.00000
21.70000,0.52194,0.00000,0.99995,0.00003,0.00000,0.00001
21.84000,0.52194,0.00000,0.99997,0.00002,0.00000,0.00000
21.98000,0.52194,0.00000,0.99992,0.00006,0.00000,0.00002
22.12000,0.52194,0.00000,0.99993,0.00005,0.00000,0.00002
22.26000,0.52194,0.00000,0.99992,0.00006,0.00001,0.00002
22.40000,0.52194,0.00000,0.99980,0.00014,0.00001,0.00005
22.54000,0.52194,0.00000,0.99991,0.00007,0.00001,0.00002
22.68000,0.52194,0.00000,0.99986,0.00011,0.00001,0.00002
22.82000,0.52194,0.00000,0.99954,0.00035,0.00002,0.00009
22.96000,0.52194,0.00000,0.99950,0.00041,0.00001,0.00008
23.10000,0.52194,0.00000,0.99859,0.00114,0.00006,0.00020
23.24000,0.52194,0.00000,0.99916,0.00071,0.00005,0.00008
23.38000,0.52194,0.00000,0.99983,0.00015,0.00001,0.00001
23.52000,0.52194,0.00000,0.99991,0.00007,0.00001,0.00001
23.66000,0.52194,0.00000,0.99996,0.00003,0.00000,0.00001
23.80000,0.52194,0.00000,0.99991,0.00007,0.00001,0.00001
23.94000,0.52194,0.00000,0.99994,0.00005,0.00000,0.00001
24.08000,0.52194,0.00000,0.99991,0.00007,0.00001,0.00001
24.22000,0.52194,0.00000,0.99982,0.00015,0.00001,0.00002
24.36000,0.52194,0.00000,0.99966,0.00028,0.00002,0.00005
24.50000,0.52194,0.00000,0.99979,0.00018,0.00001,0.00003
24.64000,0.52194,0.00000,0.99957,0.00032,0.00002,0.00009
24.78000,0.52194,0.00000,0.99964,0.00029,0.00001,0.00005
24.92000,0.52194,0.00000,0.99897,0.00073,0.00002,0.00028
25.06000,0.52194,0.00000,0.99962,0.00028,0.00001,0.00009
25.20000,0.52194,0.00001,0.99312,0.00578,0.00010,0.00099
25.34000,0.52194,0.00000,0.99324,0.00614,0.00007,0.00055
25.48000,0.52194,0.00003,0.92819,0.06987,0.00017,0.00173
25.62000,0.52194,0.00001,0.99513,0.00450,0.00006,0.00031
25.76000,0.52194,0.00000,0.99848,0.00125,0.00003,0.00023
25.90000,0.52194,0.00000,0.99507,0.00449,0.00004,0.00040
26.04000,0.52194,0.00002,0.91468,0.08225,0.00009,0.00296
26.18000,0.52194,0.00006,0.84604,0.14247,0.00032,0.01111
26.32000,0.52194,0.00005,0.96474,0.03250,0.00021,0.00251
26.46000,0.52194,0.00001,0.99811,0.00145,0.00007,0.00037
26.60000,0.52194,0.00000,0.99816,0.00147,0.00005,0.00033
26.74000,0.52194,0.00000,0.99819,0.00154,0.00005,0.00022
26.88000,0.52194,0.00000,0.99733,0.00233,0.00008,0.00025
27.02000,0.52194,0.00000,0.99897,0.00091,0.00004,0.00008
27.16000,0.52194,0.00000,0.99804,0.00168,0.00005,0.00024
27.30000,0.52194,0.00001,0.97480,0.02422,0.00009,0.00087
27.44000,0.52194,0.00015,0.34802,0.64598,0.00053,0.00533
27.58000,0.52194,0.00007,0.10084,0.89792,0.00022,0.00094
27.72000,0.52194,0.00010,0.65531,0.34021,0.00035,0.00404
27.86000,0.52194,0.00002,0.94732,0.05088,0.00012,0.00167
28.00000,0.52194,0.00006,0.77501,0.21483,0.00043,0.00967
28.14000,0.52194,0.00004,0.21676,0.78146,0.00023,0.00151
28.28000,0.52194,0.00003,0.00791,0.99144,0.00009,0.00054
28.42000,0.52194,0.00008,0.61488,0.38242,0.00030,0.00232
28.56000,0.52194,0.00002,0.98311,0.01616,0.00018,0.00052
28.70000,0.52194,0.00000,0.99909,0.00076,0.00003,0.00011
28.84000,0.52194,0.00000,0.99969,0.00023,0.00002,0.00005
28.98000,0.52194,0.00000,0.99991,0.00007,0.00001,0.00001
29.12000,0.52194,0.00000,0.99973,0.00023,0.00001,0.00003
29.26000,0.52194,0.00000,0.99971,0.00025,0.00001,0.00003
29.40000,0.52194,0.00001,0.96845,0.03115,0.00010,0.00030
29.54000,0.52194,0.00001,0.98613,0.01340,0.00004,0.00042
29.68000,0.52194,0.00001,0.98038,0.01828,0.00004,0.00129
29.82000,0.52194,0.00000,0.99880,0.00082,0.00001,0.00037
29.96000,0.52194,0.00000,0.99898,0.00068,0.00001,0.00033
30.10000,0.52194,0.00000,0.99935,0.00043,0.00002,0.00020
30.24000,0.52194,0.00000,0.99930,0.00051,0.00002,0.00016
30.38000,0.52194,0.00000,0.99977,0.00016,0.00003,0.00004
30.52000,0.52194,0.00000,0.99994,0.00004,0.00001,0.00001
30.66000,0.52194,0.00000,0.99998,0.00001,0.00000,0.00000
30.80000,0.52194,0.00000,0.99997,0.00002,0.00000,0.00000
30.94000,0.52194,0.00000,0.99994,0.00005,0.00000,0.00001
31.08000,0.52194,0.00000,0.99986,0.00009,0.00001,0.00004
31.22000,0.52194,0.00000,0.99990,0.00006,0.00002,0.00002
31.36000,0.52194,0.00000,0.99994,0.00004,0.00001,0.00001
31.50000,0.52194,0.00000,0.99997,0.00002,0.00001,0.00000
31.64000,0.52194,0.00000,0.99999,0.00001,0.00000,0.00000
31.78000,0.52194,0.00000,0.99997,0.00002,0.00000,0.00000
31.92000,0.52194,0.00000,0.99826,0.00169,0.00001,0.00004
32.06000,0.52193,0.00001,0.97902,0.02066,0.00009,0.00022
32.20000,0.52194,0.00006,0.79848,0.20051,0.00048,0.00047
32.34000,0.52194,0.00000,0.99770,0.00215,0.00007,0.00007
32.48000,0.52194,0.00000,0.99927,0.00067,0.00001,0.00004
32.62000,0.52194,0.00000,0.99972,0.00022,0.00001,0.00005
32.76000,0.52194,0.00000,0.99945,0.00045,0.00002,0.00009
32.90000,0.52193,0.00000,0.99983,0.00012,0.00001,0.00004
33.04000,0.52194,0.00000,0.99992,0.00006,0.00000,0.00002
33.18000,0.52194,0.00000,0.99991,0.00006,0.00000,0.00002
33.32000,0.52194,0.00000,0.99787,0.00196,0.00002,0.00016
33.46000,0.52194,0.00000,0.99565,0.00401,0.00002,0.00031
33.60000,0.52194,0.00001,0.98088,0.01832,0.00004,0.00076
33.74000,0.52193,0.00000,0.99702,0.00213,0.00004,0.00081
33.88000,0.52194,0.00000,0.99892,0.00088,0.00004,0.00016
34.02000,0.52194,0.00000,0.99952,0.00033,0.00003,0.00012
34.16000,0.52194,0.00000,0.99989,0.00007,0.00001,0.00003
34.30000,0.52194,0.00000,0.99988,0.00008,0.00002,0.00002
34.44000,0.52194,0.00000,0.99997,0.00002,0.00001,0.00000
34.58000,0.52193,0.00000,0.99999,0.00001,0.00000,0.00000
34.72000,0.52193,0.00000,0.99999,0.00001,0.00000,0.00000
34.86000,0.52194,0.00000,0.99999,0.00001,0.00000,0.00000
35.00000,0.52194,0.00000,0.99998,0.00001,0.00000,0.00000
35.14000,0.52194,0.00000,0.99997,0.00003,0.00000,0.00001
35.28000,0.52194,0.00000,0.99990,0.00007,0.00001,0.00002
35.42000,0.52194,0.00000,0.99986,0.00011,0.00001,0.00002
35.56000,0.52193,0.00000,0.99985,0.00012,0.00001,0.00002
35.70000,0.52194,0.00000,0.99997,0.00002,0.00000,0.00001
35.84000,0.52194,0.00000,0.99997,0.00002,0.00000,0.00000
35.98000,0.52194,0.00000,0.99996,0.00003,0.00000,0.00001
36.12000,0.52194,0.00000,0.99996,0.00003,0.00000,0.00001
36.26000,0.52194,0.00000,0.99996,0.00004,0.00000,0.00001
36.40000,0.52193,0.00000,0.99993,0.00005,0.00000,0.00001
36.54000,0.52194,0.00000,0.99989,0.00008,0.00001,0.00002
36.68000,0.52194,0.00000,0.99978,0.00018,0.00001,0.00003
36.82000,0.52194,0.00000,0.99911,0.00037,0.00001,0.00051
36.96000,0.52194,0.00000,0.99423,0.00157,0.00003,0.00417
37.10000,0.52194,0.00003,0.98339,0.00671,0.00011,0.00976
37.24000,0.52193,0.00001,0.99671,0.00195,0.00028,0.00105
37.38000,0.52194,0.00000,0.99962,0.00027,0.00005,0.00005
37.52000,0.52194,0.00000,0.99964,0.00028,0.00003,0.00004
37.66000,0.52194,0.00000,0.99974,0.00021,0.00001,0.00004
37.80000,0.52194,0.00000,0.99970,0.00022,0.00002,0.00006
37.94000,0.52194,0.00000,0.99966,0.00027,0.00002,0.00005
38.08000,0.52193,0.00000,0.99974,0.00019,0.00002,0.00006
38.22000,0.52193,0.00000,0.99972,0.00023,0.00001,0.00003
38.36000,0.52194,0.00000,0.99962,0.00031,0.00001,0.00005
38.50000,0.52194,0.00000,0.99904,0.00083,0.00002,0.00011
38.64000,0.52194,0.00000,0.99793,0.00162,0.00002,0.00042
38.78000,0.52194,0.00001,0.99196,0.00659,0.00003,0.00141
38.92000,0.52194,0.00000,0.99662,0.00182,0.00002,0.00153
39.06000,0.52193,0.00001,0.99268,0.00477,0.00005,0.00250
39.20000,0.52194,0.00000,0.99605,0.00305,0.00002,0.00087
39.34000,0.52194,0.00001,0.99616,0.00320,0.00003,0.00061
39.48000,0.52194,0.00000,0.99904,0.00057,0.00002,0.00037
39.62000,0.52194,0.00000,0.99975,0.00020,0.00001,0.00004
39.76000,0.52194,0.00000,0.99987,0.00009,0.00001,0.00003
39.90000,0.52193,0.00000,0.99995,0.00004,0.00000,0.00001
40.04000,0.52194,0.00000,0.99997,0.00002,0.00000,0.00001
40.18000,0.52194,0.00000,0.99999,0.00001,0.00000,0.00000
40.32000,0.52194,0.00000,0.99999,0.00001,0.00000,0.00000
40.46000,0.52194,0.00000,0.99999,0.00001,0.00000,0.00000
40.60000,0.52194,0.00000,0.99998,0.00002,0.00000,0.00000
40.74000,0.52193,0.00000,0.99990,0.00008,0.00000,0.00002
40.88000,0.52194,0.00000,0.99829,0.00155,0.00002,0.00014
41.02000,0.52194,0.00001,0.99224,0.00687,0.00006,0.00082
41.16000,0.52194,0.00001,0.99554,0.00408,0.00005,0.00033
41.30000,0.52194,0.00000,0.99898,0.00084,0.00002,0.00016
41.44000,0.52194,0.00000,0.99978,0.00016,0.00001,0.00005
41.58000,0.52193,0.00000,0.99874,0.00089,0.00003,0.00034
41.72000,0.52193,0.00001,0.99462,0.00272,0.00005,0.00261
41.86000,0.52194,0.00002,0.97740,0.01280,0.00011,0.00967
42.00000,0.52194,0.00003,0.98096,0.01675,0.00017,0.00209
42.14000,0.52194,0.00001,0.98272,0.01547,0.00011,0.00168
42.28000,0.52194,0.00003,0.93423,0.06325,0.00017,0.00233
42.42000,0.52194,0.00006,0.76574,0.23094,0.00027,0.00299
42.56000,0.52193,0.00002,0.01080,0.98831,0.00014,0.00072
42.70000,0.52194,0.00002,0.00837,0.99126,0.00006,0.00029
42.84000,0.52194,0.00008,0.06022,0.93902,0.00012,0.00056
42.98000,0.52194,0.00004,0.86736,0.12977,0.00022,0.00262
43.12000,0.52194,0.00001,0.98519,0.01374,0.00013,0.00093
43.26000,0.52194,0.00001,0.98197,0.01748,0.00011,0.00043
43.40000,0.52193,0.00000,0.99686,0.00298,0.00002,0.00013
43.54000,0.52194,0.00000,0.99750,0.00207,0.00004,0.00038
43.68000,0.52194,0.00001,0.98938,0.01009,0.00005,0.00048
43.82000,0.52194,0.00004,0.93005,0.06752,0.00024,0.00215
43.96000,0.52194,0.00008,0.85259,0.14131,0.00030,0.00571
44.10000,0.52194,0.00001,0.99377,0.00591,0.00009,0.00022
44.24000,0.52193,0.00000,0.99597,0.00383,0.00006,0.00013
44.38000,0.52194,0.00000,0.99977,0.00018,0.00001,0.00003
44.52000,0.52194,0.00000,0.99972,0.00022,0.00002,0.00005
44.66000,0.52194,0.00000,0.99976,0.00017,0.00002,0.00005
44.80000,0.52194,0.00000,0.99981,0.00014,0.00003,0.00003
44.94000,0.52194,0.00000,0.99974,0.00019,0.00003,0.00003
45.08000,0.52193,0.00000,0.99981,0.00015,0.00001,0.00003
45.22000,0.52193,0.00000,0.99966,0.00028,0.00001,0.00004
45.36000,0.52194,0.00000,0.99948,0.00046,0.00001,0.00005
45.50000,0.52194,0.00000,0.99880,0.00110,0.00002,0.00007
45.64000,0.52194,0.00000,0.99911,0.00073,0.00002,0.00014
45.78000,0.52194,0.00000,0.99753,0.00181,0.00003,0.00062
45.92000,0.52194,0.00001,0.98581,0.00461,0.00013,0.00943
46.06000,0.52193,0.00000,0.99818,0.00139,0.00006,0.00037
46.20000,0.52194,0.00000,0.99954,0.00031,0.00003,0.00012
46.34000,0.52194,0.00000,0.99973,0.00022,0.00001,0.00004
46.48000,0.52194,0.00000,0.99943,0.00050,0.00002,0.00005
46.62000,0.52194,0.00000,0.99961,0.00034,0.00001,0.00004
46.76000,0.52194,0.00000,0.99966,0.00025,0.00001,0.00008
46.90000,0.52193,0.00000,0.99981,0.00015,0.00001,0.00003
47.04000,0.52194,0.00000,0.99983,0.00013,0.00001,0.00003
47.18000,0.52194,0.00000,0.99994,0.00004,0.00000,0.00001
47.32000,0.52194,0.00000,0.99982,0.00013,0.00001,0.00004
47.46000,0.52194,0.00000,0.99930,0.00031,0.00001,0.00038
47.60000,0.52194,0.00000,0.99912,0.00044,0.00001,0.00043
47.74000,0.52193,0.00002,0.98654,0.00938,0.00008,0.00399
47.88000,0.52194,0.00003,0.95021,0.04855,0.00016,0.00105
48.02000,0.52194,0.00003,0.95674,0.04265,0.00022,0.00035
48.16000,0.52194,0.00000,0.99971,0.00026,0.00001,0.00002
48.30000,0.52194,0.00000,0.99997,0.00003,0.00000,0.00000
48.44000,0.52194,0.00000,0.99998,0.00001,0.00000,0.00000
48.58000,0.52193,0.00000,0.99997,0.00002,0.00000,0.00000
48.72000,0.52193,0.00000,0.99985,0.00011,0.00000,0.00003
48.86000,0.52194,0.00000,0.99969,0.00022,0.00001,0.00008
49.00000,0.52194,0.00000,0.99917,0.00063,0.00005,0.00015
49.14000,0.52194,0.00000,0.99846,0.00145,0.00003,0.00006
49.28000,0.52194,0.00000,0.99839,0.00153,0.00002,0.00005
49.42000,0.52194,0.00000,0.99915,0.00074,0.00001,0.00009
49.56000,0.52193,0.00000,0.99965,0.00027,0.00001,0.00007
49.70000,0.52194,0.00001,0.98505,0.01042,0.00006,0.00446
49.84000,0.52194,0.00001,0.98319,0.01149,0.00014,0.00517
49.98000,0.52194,0.00007,0.53966,0.42357,0.00030,0.03640
50.12000,0.52194,0.00007,0.58722,0.39273,0.00024,0.01973
50.26000,0.52194,0.00006,0.60862,0.38541,0.00018,0.00572
50.40000,0.52193,0.00007,0.57273,0.42422,0.00025,0.00272
50.54000,0.52194,0.00009,0.69664,0.29557,0.00026,0.00744
50.68000,0.52194,0.00004,0.89115,0.10288,0.00026,0.00567
50.82000,0.52194,0.00003,0.95703,0.03561,0.00022,0.00712
50.96000,0.52194,0.00001,0.99225,0.00560,0.00011,0.00203
51.10000,0.52194,0.00000,0.99606,0.00350,0.00003,0.00041
51.24000,0.52193,0.00001,0.99627,0.00303,0.00005,0.00064
51.38000,0.52194,0.00000,0.99659,0.00304,0.00005,0.00033
51.52000,0.52194,0.00000,0.99839,0.00143,0.00003,0.00015
51.66000,0.52194,0.00000,0.99968,0.00027,0.00001,0.00004
51.80000,0.52194,0.00000,0.99841,0.00149,0.00001,0.00009
51.94000,0.52194,0.00004,0.70227,0.29690,0.00017,0.00062
52.08000,0.52193,0.00002,0.05002,0.94889,0.00009,0.00097
52.22000,0.52193,0.00001,0.00204,0.99786,0.00002,0.00008
52.36000,0.52194,0.00003,0.07279,0.92611,0.00005,0.00102
52.50000,0.52194,0.00003,0.78761,0.21112,0.00010,0.00115
52.64000,0.52194,0.00001,0.98473,0.01483,0.00004,0.00039
52.78000,0.52194,0.00001,0.99250,0.00680,0.00002,0.00067
52.92000,0.52194,0.00000,0.99352,0.00601,0.00002,0.00045
53.06000,0.52193,0.00000,0.99917,0.00062,0.00002,0.00018
53.20000,0.52194,0.00000,0.99973,0.00023,0.00001,0.00003
53.34000,0.52194,0.00000,0.99989,0.00009,0.00001,0.00002
53.48000,0.52194,0.00000,0.99991,0.00008,0.00001,0.00001
53.62000,0.52194,0.00000,0.99993,0.00005,0.00000,0.00001
53.76000,0.52194,0.00000,0.99994,0.00004,0.00000,0.00001
53.90000,0.52193,0.00000,0.99962,0.00033,0.00001,0.00004
54.04000,0.52194,0.00000,0.99900,0.00084,0.00002,0.00013
54.18000,0.52194,0.00000,0.99867,0.00123,0.00003,0.00007
54.32000,0.52194,0.00000,0.99980,0.00016,0.00001,0.00003
54.46000,0.52194,0.00000,0.99990,0.00008,0.00000,0.00002
54.60000,0.52194,0.00000,0.99988,0.00009,0.00001,0.00002
54.74000,0.52193,0.00000,0.99991,0.00006,0.00001,0.00002
54.88000,0.52194,0.00000,0.99996,0.00003,0.00000,0.00001
55.02000,0.52194,0.00000,0.99995,0.00004,0.00000,0.00001
55.16000,0.52194,0.00000,0.99988,0.00009,0.00000,0.00002
55.30000,0.52194,0.00000,0.99977,0.00016,0.00001,0.00005
55.44000,0.52194,0.00000,0.99909,0.00072,0.00003,0.00016
55.58000,0.52193,0.00000,0.99928,0.00061,0.00002,0.00009
55.72000,0.52193,0.00000,0.99931,0.00061,0.00001,0.00007
55.86000,0.52194,0.00000,0.99904,0.00071,0.00001,0.00023
56.00000,0.52194,0.00000,0.99726,0.00216,0.00004,0.00053
56.14000,0.52194,0.00001,0.99580,0.00356,0.00009,0.00055
56.28000,0.52194,0.00000,0.99824,0.00150,0.00005,0.00020
56.42000,0.52194,0.00000,0.99955,0.00038,0.00003,0.00004
56.56000,0.52193,0.00000,0.99981,0.00016,0.00001,0.00002
56.70000,0.52194,0.00000,0.99994,0.00004,0.00001,0.00001
56.84000,0.52194,0.00000,0.99991,0.00008,0.00001,0.00001
56.98000,0.52194,0.00000,0.99987,0.00010,0.00001,0.00002
57.12000,0.52194,0.00000,0.99889,0.00101,0.00003,0.00007
57.26000,0.52194,0.00000,0.99540,0.00430,0.00004,0.00025
57.40000,0.52193,0.00000,0.99593,0.00361,0.00004,0.00042
57.54000,0.52194,0.00000,0.99674,0.00256,0.00002,0.00068
57.68000,0.52194,0.00001,0.97519,0.02193,0.00004,0.00283
57.82000,0.52194,0.00001,0.98580,0.01274,0.00004,0.00140
57.96000,0.52194,0.00003,0.87940,0.11814,0.00019,0.00224
58.10000,0.52194,0.00002,0.95440,0.04417,0.00008,0.00133
58.24000,0.52193,0.00000,0.99270,0.00647,0.00004,0.00079
58.38000,0.52194,0.00000,0.99511,0.00431,0.00005,0.00053
58.52000,0.52194,0.00000,0.99750,0.00181,0.00004,0.00064
58.66000,0.52194,0.00000,0.99903,0.00075,0.00004,0.00018
58.80000,0.52194,0.00000,0.99963,0.00030,0.00002,0.00005
58.94000,0.52194,0.00000,0.99983,0.00014,0.00001,0.00002
59.08000,0.52193,0.00000,0.99993,0.00005,0.00000,0.00001
59.22000,0.52193,0.00000,0.99994,0.00005,0.00000,0.00001
59.36000,0.52194,0.00000,0.99996,0.00003,0.00000,0.00001
59.50000,0.52194,0.00000,0.99992,0.00006,0.00000,0.00001
59.64000,0.52194,0.00000,0.99990,0.00007,0.00000,0.00002
59.78000,0.52194,0.00000,0.99993,0.00005,0.00001,0.00001
59.92000,0.52194,0.00000,0.99997,0.00002,0.00000,0.00000
60.06000,0.52193,0.00000,0.99996,0.00003,0.00000,0.00001
60.20000,0.52194,0.00000,0.99998,0.00002,0.00000,0.00000
60.34000,0.52194,0.00000,0.99995,0.00004,0.00000,0.00000
60.48000,0.52194,0.00000,0.99998,0.00001,0.00000,0.00000
60.62000,0.52194,0.00000,0.99998,0.00001,0.00000,0.00000
60.76000,0.52194,0.00000,0.99994,0.00004,0.00000,0.00001
60.90000,0.52193,0.00000,0.99990,0.00007,0.00001,0.00002
61.04000,0.52194,0.00000,0.99980,0.00015,0.00002,0.00003
61.18000,0.52194,0.00000,0.99993,0.00005,0.00001,0.00001
61.32000,0.52194,0.00000,0.99996,0.00003,0.00000,0.00000
61.46000,0.52194,0.00000,0.99997,0.00002,0.00000,0.00000
61.60000,0.52194,0.00000,0.99996,0.00003,0.00000,0.00001
61.74000,0.52193,0.00000,0.99992,0.00006,0.00001,0.00001
61.88000,0.52194,0.00000,0.99994,0.00005,0.00000,0.00001
62.02000,0.52194,0.00000,0.99996,0.00003,0.00000,0.00001
62.16000,0.52194,0.00000,0.99997,0.00002,0.00000,0.00000
62.30000,0.52194,0.00000,0.99997,0.00002,0.00000,0.00000
62.44000,0.52194,0.00000,0.99997,0.00002,0.00000,0.00000
62.58000,0.52193,0.00000,0.99995,0.00004,0.00000,0.00001
62.72000,0.52193,0.00000,0.99995,0.00003,0.00001,0.00001
62.86000,0.52194,0.00000,0.99996,0.00003,0.00000,0.00000
63.00000,0.52194,0.00000,0.99996,0.00003,0.00000,0.00001
63.14000,0.52194,0.00000,0.99997,0.00002,0.00000,0.00000
63.28000,0.52194,0.00000,0.99994,0.00005,0.00000,0.00001
63.42000,0.52194,0.00000,0.99995,0.00004,0.00000,0.00001
63.56000,0.52194,0.00000,0.99996,0.00004,0.00000,0.00001
63.70000,0.52194,0.00000,0.99996,0.00003,0.00000,0.00001
63.84000,0.52194,0.00000,0.99998,0.00002,0.00000,0.00000
63.98000,0.52194,0.00000,0.99999,0.00001,0.00000,0.00000
64.12000,0.52193,0.00000,0.99999,0.00001,0.00000,0.00000
64.26000,0.52193,0.00000,0.99999,0.00001,0.00000,0.00000
64.40000,0.52193,0.00000,0.99998,0.00002,0.00000,0.00000
64.54000,0.52193,0.00000,0.99993,0.00005,0.00000,0.00001
64.68000,0.52193,0.00000,0.99982,0.00013,0.00001,0.00004
64.82000,0.52193,0.00000,0.99946,0.00036,0.00003,0.00014
64.96000,0.52194,0.00000,0.99979,0.00015,0.00002,0.00004
65.10000,0.52194,0.00000,0.99985,0.00011,0.00001,0.00003
65.24000,0.52194,0.00000,0.99990,0.00007,0.00001,0.00002
65.38000,0.52194,0.00000,0.99987,0.00009,0.00001,0.00003
65.52000,0.52194,0.00000,0.99994,0.00004,0.00000,0.00001
65.66000,0.52193,0.00000,0.99997,0.00002,0.00000,0.00000
65.80000,0.52193,0.00000,0.99998,0.00002,0.00000,0.00000
65.94000,0.52193,0.00000,0.99998,0.00001,0.00000,0.00000
66.08000,0.52193,0.00000,0.99998,0.00001,0.00000,0.00000
66.22000,0.52193,0.00000,0.99997,0.00002,0.00000,0.00000
66.36000,0.52193,0.00000,0.99998,0.00002,0.00000,0.00000
66.50000,0.52193,0.00000,0.99999,0.00001,0.00000,0.00000
66.64000,0.52193,0.00000,0.99999,0.00001,0.00000,0.00000
66.78000,0.52194,0.00000,1.00000,0.00000,0.00000,0.00000
66.92000,0.52194,0.00000,1.00000,0.00000,0.00000,0.00000
67.06000,0.52194,0.00000,0.99999,0.00001,0.00000,0.00000
67.20000,0.52194,0.00000,0.99999,0.00001,0.00000,0.00000
67.34000,0.52194,0.00000,0.99996,0.00003,0.00000,0.00001
67.48000,0.52193,0.00000,0.99990,0.00009,0.00000,0.00002
67.62000,0.52193,0.00000,0.99946,0.00044,0.00001,0.00009
67.76000,0.52193,0.00000,0.99724,0.00252,0.00004,0.00019
67.90000,0.52193,0.00000,0.99958,0.00032,0.00001,0.00009
68.04000,0.52193,0.00000,0.99989,0.00009,0.00000,0.00002
68.18000,0.52193,0.00000,0.99984,0.00013,0.00001,0.00003
68.32000,0.52193,0.00000,0.99978,0.00016,0.00001,0.00005
68.46000,0.52194,0.00000,0.99985,0.00012,0.00001,0.00002
68.60000,0.52194,0.00000,0.99991,0.00008,0.00001,0.00001
68.74000,0.52194,0.00000,0.99995,0.00004,0.00000,0.00001
68.88000,0.52194,0.00000,0.99993,0.00005,0.00000,0.00001
69.02000,0.52194,0.00000,0.99983,0.00014,0.00002,0.00002
69.16000,0.52193,0.00000,0.99984,0.00013,0.00001,0.00002
69.30000,0.52193,0.00000,0.99946,0.00043,0.00002,0.00009
69.44000,0.52193,0.00001,0.99681,0.00268,0.00009,0.00042
69.58000,0.52193,0.00002,0.99315,0.00627,0.00015,0.00042
69.72000,0.52193,0.00000,0.99947,0.00045,0.00002,0.00006
69.86000,0.52193,0.00000,0.99990,0.00008,0.00001,0.00001
70.00000,0.52193,0.00000,0.99998,0.00001,0.00000,0.00000
70.14000,0.52193,0.00000,0.99999,0.00001,0.00000,0.00000
70.28000,0.52194,0.00000,0.99998,0.00001,0.00000,0.00000
70.42000,0.52194,0.00000,0.99989,0.00009,0.00001,0.00002
70.56000,0.52194,0.00000,0.99975,0.00020,0.00001,0.00003
70.70000,0.52194,0.00001,0.98603,0.01313,0.00021,0.00061
70.84000,0.52194,0.00001,0.99693,0.00234,0.00021,0.00052
70.98000,0.52193,0.00001,0.99799,0.00160,0.00027,0.00013
71.12000,0.52193,0.00000,0.99977,0.00018,0.00003,0.00002
71.26000,0.52193,0.00000,0.99996,0.00003,0.00001,0.00000
71.40000,0.52193,0.00000,0.99996,0.00003,0.00000,0.00000
71.54000,0.52193,0.00000,0.99992,0.00007,0.00001,0.00001
71.68000,0.52193,0.00000,0.99994,0.00005,0.00000,0.00001
71.82000,0.52193,0.00000,0.99996,0.00003,0.00000,0.00000
71.96000,0.52194,0.00000,0.99997,0.00002,0.00000,0.00000
72.10000,0.52194,0.00000,0.99996,0.00003,0.00000,0.00001
72.24000,0.52194,0.00000,0.99994,0.00004,0.00001,0.00001
72.38000,0.52194,0.00000,0.99992,0.00006,0.00001,0.00001
72.52000,0.52194,0.00000,0.99986,0.00011,0.00001,0.00002
72.66000,0.52193,0.00000,0.99984,0.00011,0.00001,0.00004
72.80000,0.52193,0.00000,0.99986,0.00012,0.00001,0.00002
72.94000,0.52193,0.00000,0.99990,0.00007,0.00001,0.00002
73.08000,0.52193,0.00000,0.99996,0.00003,0.00000,0.00001
73.22000,0.52193,0.00000,0.99996,0.00003,0.00000,0.00001
73.36000,0.52193,0.00000,0.99998,0.00001,0.00000,0.00000
73.50000,0.52193,0.00000,0.99997,0.00002,0.00000,0.00000
73.64000,0.52193,0.00000,0.99997,0.00002,0.00000,0.00000
73.78000,0.52194,0.00000,0.99999,0.00001,0.00000,0.00000
73.92000,0.52194,0.00000,0.99999,0.00001,0.00000,0.00000
74.06000,0.52194,0.00000,0.99999,0.00001,0.00000,0.00000
74.20000,0.52194,0.00000,0.99999,0.00001,0.00000,0.00000
74.34000,0.52194,0.00000,0.99999,0.00001,0.00000,0.00000
74.48000,0.52193,0.00000,0.99999,0.00001,0.00000,0.00000
74.62000,0.52193,0.00000,0.99996,0.00003,0.00000,0.00001
74.76000,0.52193,0.00000,0.99994,0.00004,0.00000,0.00001
74.90000,0.52193,0.00000,0.99995,0.00004,0.00000,0.00001
75.04000,0.52193,0.00000,0.99997,0.00002,0.00000,0.00001
75.18000,0.52193,0.00000,0.99997,0.00002,0.00000,0.00000
75.32000,0.52193,0.00000,0.99996,0.00003,0.00000,0.00001
75.46000,0.52194,0.00000,0.99997,0.00002,0.00000,0.00000
75.60000,0.52194,0.00000,0.99997,0.00002,0.00000,0.00000
75.74000,0.52194,0.00000,0.99997,0.00003,0.00000,0.00001
75.88000,0.52194,0.00000,0.99995,0.00004,0.00000,0.00000
76.02000,0.52194,0.00000,0.99996,0.00003,0.00000,0.00001
76.16000,0.52193,0.00000,0.99998,0.00002,0.00000,0.00000
76.30000,0.52193,0.00000,0.99999,0.00001,0.00000,0.00000
76.44000,0.52193,0.00000,0.99999,0.00000,0.00000,0.00000
76.58000,0.52193,0.00000,0.99999,0.00000,0.00000,0.00000
76.72000,0.52193,0.00000,0.99999,0.00001,0.00000,0.00000
76.86000,0.52193,0.00000,0.99999,0.00001,0.00000,0.00000
77.00000,0.52193,0.00000,0.99997,0.00002,0.00000,0.00000
77.14000,0.52193,0.00000,0.99997,0.00002,0.00000,0.00001
77.28000,0.52194,0.00000,0.99997,0.00002,0.00000,0.00000
77.42000,0.52194,0.00000,0.99997,0.00002,0.00000,0.00000
77.56000,0.52194,0.00000,0.99996,0.00003,0.00000,0.00001
77.70000,0.52194,0.00000,0.99992,0.00006,0.00000,0.00002
77.84000,0.52194,0.00000,0.99993,0.00005,0.00000,0.00001
77.98000,0.52193,0.00000,0.99985,0.00011,0.00001,0.00003
78.12000,0.52193,0.00000,0.99973,0.00020,0.00002,0.00005
78.26000,0.52193,0.00000,0.99946,0.00043,0.00005,0.00007
78.40000,0.52193,0.00000,0.99967,0.00028,0.00002,0.00003
78.54000,0.52193,0.00000,0.99993,0.00005,0.00001,0.00001
78.68000,0.52193,0.00000,0.99990,0.00008,0.00000,0.00001
78.82000,0.52193,0.00000,0.99800,0.00185,0.00002,0.00012
78.96000,0.52194,0.00004,0.87858,0.11963,0.00029,0.00145
79.10000,0.52194,0.00004,0.90743,0.08901,0.00029,0.00322
79.24000,0.52194,0.00011,0.48056,0.51387,0.00076,0.00471
79.38000,0.52194,0.00006,0.96700,0.03099,0.00087,0.00109
79.52000,0.52194,0.00002,0.95840,0.04103,0.00035,0.00019
79.66000,0.52193,0.00000,0.99968,0.00025,0.00002,0.00004
79.80000,0.52193,0.00000,0.99967,0.00026,0.00002,0.00005
79.94000,0.52193,0.00000,0.99979,0.00015,0.00001,0.00004
80.08000,0.52193,0.00000,0.99906,0.00067,0.00004,0.00023
80.22000,0.52193,0.00000,0.99922,0.00061,0.00002,0.00014
80.36000,0.52193,0.00000,0.99813,0.00131,0.00005,0.00051
80.50000,0.52193,0.00000,0.99887,0.00090,0.00003,0.00020
80.64000,0.52193,0.00000,0.99945,0.00041,0.00002,0.00011
80.78000,0.52194,0.00000,0.99947,0.00038,0.00004,0.00011
80.92000,0.52194,0.00000,0.99879,0.00102,0.00002,0.00016
81.06000,0.52194,0.00001,0.99468,0.00390,0.00004,0.00137
81.20000,0.52194,0.00001,0.94330,0.05088,0.00009,0.00571
81.34000,0.52194,0.00008,0.74899,0.17296,0.00022,0.07775
81.48000,0.52193,0.00003,0.89993,0.07869,0.00012,0.02122
81.62000,0.52193,0.00003,0.93772,0.05790,0.00019,0.00416
81.76000,0.52193,0.00001,0.99644,0.00321,0.00007,0.00027
81.90000,0.52193,0.00000,0.99827,0.00153,0.00004,0.00016
82.04000,0.52193,0.00000,0.99954,0.00038,0.00002,0.00006
82.18000,0.52193,0.00000,0.99982,0.00015,0.00001,0.00002
82.32000,0.52193,0.00000,0.99996,0.00004,0.00000,0.00001
82.46000,0.52194,0.00000,0.99999,0.00001,0.00000,0.00000
82.60000,0.52194,0.00000,0.99997,0.00002,0.00000,0.00001
82.74000,0.52194,0.00000,0.99992,0.00004,0.00000,0.00004
82.88000,0.52194,0.00000,0.99931,0.00045,0.00002,0.00022
83.02000,0.52194,0.00000,0.99876,0.00084,0.00003,0.00036
83.16000,0.52193,0.00000,0.99941,0.00052,0.00003,0.00004
83.30000,0.52193,0.00000,0.99992,0.00007,0.00001,0.00001
83.44000,0.52193,0.00000,0.99997,0.00002,0.00000,0.00000
83.58000,0.52193,0.00000,0.99990,0.00007,0.00001,0.00002
83.72000,0.52193,0.00000,0.99956,0.00030,0.00004,0.00010
83.86000,0.52193,0.00000,0.99917,0.00065,0.00004,0.00014
84.00000,0.52193,0.00000,0.99955,0.00035,0.00003,0.00007
84.14000,0.52193,0.00000,0.99972,0.00022,0.00001,0.00004
84.28000,0.52194,0.00000,0.99969,0.00023,0.00002,0.00005
84.42000,0.52194,0.00000,0.99993,0.00005,0.00001,0.00001
84.56000,0.52194,0.00000,0.99996,0.00004,0.00000,0.00001
84.70000,0.52194,0.00000,0.99996,0.00003,0.00000,0.00001
84.84000,0.52194,0.00000,0.99993,0.00005,0.00001,0.00002
84.98000,0.52193,0.00000,0.99989,0.00008,0.00001,0.00002
85.12000,0.52193,0.00000,0.99994,0.00004,0.00001,0.00001
85.26000,0.52193,0.00000,0.99997,0.00002,0.00000,0.00000
85.40000,0.52193,0.00000,0.99995,0.00003,0.00000,0.00001
85.54000,0.52193,0.00000,0.99997,0.00002,0.00000,0.00000
85.68000,0.52193,0.00000,0.99997,0.00002,0.00000,0.00000
85.82000,0.52193,0.00000,0.99999,0.00001,0.00000,0.00000
85.96000,0.52194,0.00000,0.99999,0.00001,0.00000,0.00000
86.10000,0.52194,0.00000,0.99999,0.00001,0.00000,0.00000
86.24000,0.52194,0.00000,0.99998,0.00001,0.00000,0.00000
86.38000,0.52194,0.00000,0.99999,0.00001,0.00000,0.00000
86.52000,0.52194,0.00000,0.99998,0.00001,0.00000,0.00000
86.66000,0.52193,0.00000,0.99998,0.00001,0.00000,0.00000
86.80000,0.52193,0.00000,0.99999,0.00001,0.00000,0.00000
86.94000,0.52193,0.00000,0.99999,0.00001,0.00000,0.00000
87.08000,0.52193,0.00000,0.99999,0.00001,0.00000,0.00000
87.22000,0.52193,0.00000,0.99998,0.00002,0.00000,0.00000
87.36000,0.52193,0.00000,0.99999,0.00001,0.00000,0.00000
87.50000,0.52193,0.00000,0.99999,0.00001,0.00000,0.00000
87.64000,0.52193,0.00000,0.99999,0.00001,0.00000,0.00000
87.78000,0.52194,0.00000,0.99999,0.00001,0.00000,0.00000
87.92000,0.52194,0.00000,0.99998,0.00002,0.00000,0.00000
88.06000,0.52194,0.00000,0.99996,0.00003,0.00000,0.00001
88.20000,0.52194,0.00000,0.99988,0.00009,0.00001,0.00002
88.34000,0.52194,0.00000,0.99980,0.00015,0.00001,0.00004
88.48000,0.52193,0.00000,0.99967,0.00025,0.00002,0.00006
88.62000,0.52193,0.00000,0.99986,0.00011,0.00001,0.00002
88.76000,0.52193,0.00000,0.99995,0.00004,0.00000,0.00001
88.90000,0.52193,0.00000,0.99998,0.00001,0.00000,0.00000
89.04000,0.52193,0.00000,0.99998,0.00002,0.00000,0.00000
89.18000,0.52193,0.00000,0.99997,0.00002,0.00000,0.00000
89.32000,0.52193,0.00000,0.99997,0.00003,0.00000,0.00000
89.46000,0.52194,0.00000,0.99998,0.00002,0.00000,0.00000
89.60000,0.52194,0.00000,0.99993,0.00006,0.00000,0.00001
89.74000,0.52194,0.00000,0.99749,0.00241,0.00002,0.00008
89.88000,0.52194,0.00005,0.84153,0.15737,0.00018,0.00087
90.02000,0.52194,0.00001,0.98780,0.01183,0.00014,0.00022
90.16000,0.52193,0.00000,0.99965,0.00029,0.00003,0.00003
90.30000,0.52193,0.00000,0.99994,0.00005,0.00000,0.00001
90.44000,0.52193,0.00000,0.99998,0.00001,0.00000,0.00000
90.58000,0.52193,0.00000,0.99994,0.00004,0.00000,0.00001
90.72000,0.52193,0.00000,0.99980,0.00015,0.00001,0.00004
90.86000,0.52193,0.00002,0.90712,0.09145,0.00017,0.00123
91.00000,0.52193,0.00004,0.71753,0.28081,0.00012,0.00150
91.14000,0.52193,0.00005,0.36964,0.62895,0.00012,0.00125
91.28000,0.52194,0.00001,0.99502,0.00428,0.00003,0.00067
91.42000,0.52194,0.00000,0.99633,0.00278,0.00004,0.00085
91.56000,0.52194,0.00000,0.99969,0.00023,0.00001,0.00008
91.70000,0.52194,0.00000,0.99969,0.00021,0.00001,0.00008
91.84000,0.52194,0.00000,0.99986,0.00011,0.00001,0.00002
91.98000,0.52193,0.00000,0.99994,0.00005,0.00001,0.00001
92.12000,0.52193,0.00000,0.99999,0.00001,0.00000,0.00000
92.26000,0.52193,0.00000,0.99999,0.00001,0.00000,0.00000
92.40000,0.52193,0.00000,0.99998,0.00002,0.00000,0.00000
92.54000,0.52193,0.00000,0.99987,0.00009,0.00000,0.00004
92.68000,0.52193,0.00000,0.99835,0.00115,0.00004,0.00047
92.82000,0.52193,0.00007,0.85408,0.13092,0.00046,0.01447
92.96000,0.52194,0.00007,0.79399,0.19601,0.00056,0.00937
93.10000,0.52194,0.00004,0.96401,0.03188,0.00032,0.00375
93.24000,0.52194,0.00001,0.99534,0.00400,0.00009,0.00056
93.38000,0.52194,0.00000,0.99924,0.00057,0.00003,0.00015
93.52000,0.52194,0.00000,0.99934,0.00051,0.00003,0.00012
93.66000,0.52193,0.00000,0.99953,0.00038,0.00002,0.00006
93.80000,0.52193,0.00000,0.99962,0.00029,0.00002,0.00007
93.94000,0.52193,0.00000,0.99950,0.00038,0.00002,0.00011
94.08000,0.52193,0.00001,0.99292,0.00672,0.00008,0.00028
94.22000,0.52193,0.00003,0.89307,0.10582,0.00015,0.00092
94.36000,0.52193,0.00006,0.51539,0.48345,0.00018,0.00093
94.50000,0.52193,0.00004,0.87824,0.11928,0.00017,0.00228
94.64000,0.52193,0.00006,0.87122,0.11864,0.00038,0.00970
94.78000,0.52194,0.00013,0.67063,0.32265,0.00068,0.00591
94.92000,0.52194,0.00010,0.67802,0.31652,0.00066,0.00470
95.06000,0.52194,0.00004,0.92177,0.07497,0.00026,0.00297
95.20000,0.52194,0.00001,0.98379,0.01522,0.00012,0.00086
95.34000,0.52194,0.00001,0.99290,0.00655,0.00008,0.00047
95.48000,0.52193,0.00000,0.99823,0.00159,0.00003,0.00015
95.62000,0.52193,0.00000,0.99918,0.00071,0.00004,0.00007
95.76000,0.52193,0.00000,0.99961,0.00033,0.00002,0.00004
95.90000,0.52193,0.00000,0.99985,0.00011,0.00001,0.00002
96.04000,0.52193,0.00000,0.99993,0.00006,0.00001,0.00001
96.18000,0.52193,0.00000,0.99991,0.00006,0.00001,0.00001
96.32000,0.52193,0.00000,0.99991,0.00008,0.00001,0.00001
96.46000,0.52194,0.00001,0.98712,0.01243,0.00010,0.00035
96.60000,0.52194,0.00004,0.71627,0.28203,0.00048,0.00119
96.74000,0.52194,0.00004,0.02168,0.97769,0.00019,0.00040
96.88000,0.52194,0.00012,0.66985,0.32565,0.00073,0.00365
97.02000,0.52194,0.00005,0.92188,0.07394,0.00037,0.00377
97.16000,0.52193,0.00001,0.99503,0.00443,0.00007,0.00046
97.30000,0.52193,0.00000,0.99952,0.00036,0.00002,0.00010
97.44000,0.52193,0.00000,0.99978,0.00014,0.00002,0.00006
97.58000,0.52193,0.00000,0.99994,0.00005,0.00000,0.00001
97.72000,0.52193,0.00000,0.99995,0.00004,0.00000,0.00001
97.86000,0.52193,0.00000,0.99981,0.00014,0.00000,0.00004
98.00000,0.52193,0.00000,0.99511,0.00366,0.00002,0.00121
98.14000,0.52193,0.00001,0.97344,0.01998,0.00005,0.00651
98.28000,0.52194,0.00002,0.95601,0.02899,0.00007,0.01490
98.42000,0.52194,0.00002,0.94669,0.04196,0.00009,0.01125
98.56000,0.52194,0.00003,0.92860,0.04254,0.00007,0.02876
98.70000,0.52194,0.00003,0.87751,0.04195,0.00014,0.08037
98.84000,0.52194,0.00005,0.96977,0.01678,0.00016,0.01324
98.98000,0.52193,0.00004,0.90417,0.09265,0.00020,0.00293
99.12000,0.52193,0.00002,0.91876,0.07994,0.00017,0.00111
99.26000,0.52193,0.00005,0.55908,0.43801,0.00021,0.00266
99.40000,0.52193,0.00005,0.72600,0.26578,0.00021,0.00796
99.54000,0.52193,0.00001,0.98336,0.01220,0.00010,0.00433
99.68000,0.52193,0.00001,0.99088,0.00635,0.00008,0.00268
99.82000,0.52193,0.00001,0.99186,0.00630,0.00008,0.00175
99.96000,0.52194,0.00002,0.96167,0.03178,0.00021,0.00632
100.10000,0.52194,0.00004,0.91639,0.07923,0.00017,0.00418
100.24000,0.52194,0.00003,0.96590,0.02950,0.00023,0.00434
100.38000,0.52194,0.00001,0.99674,0.00260,0.00011,0.00054
100.52000,0.52194,0.00000,0.99933,0.00056,0.00003,0.00008
100.66000,0.52193,0.00000,0.99986,0.00011,0.00001,0.00002
100.80000,0.52193,0.00000,0.99988,0.00010,0.00000,0.00001
100.94000,0.52193,0.00000,0.99986,0.00012,0.00001,0.00001
101.08000,0.52193,0.00000,0.99993,0.00006,0.00000,0.00000
101.22000,0.52193,0.00000,0.99995,0.00004,0.00000,0.00001
101.36000,0.52193,0.00000,0.99995,0.00004,0.00000,0.00001
101.50000,0.52193,0.00000,0.99992,0.00006,0.00001,0.00001
101.64000,0.52193,0.00000,0.99986,0.00011,0.00001,0.00002
101.78000,0.52194,0.00000,0.99973,0.00020,0.00003,0.00004
101.92000,0.52194,0.00000,0.99926,0.00067,0.00003,0.00004
102.06000,0.52194,0.00000,0.99927,0.00062,0.00003,0.00007
102.20000,0.52194,0.00000,0.99955,0.00038,0.00002,0.00005
102.34000,0.52194,0.00000,0.99975,0.00019,0.00002,0.00004
102.48000,0.52193,0.00000,0.99987,0.00010,0.00001,0.00003
102.62000,0.52193,0.00000,0.99979,0.00015,0.00002,0.00004
102.76000,0.52193,0.00000,0.99945,0.00042,0.00003,0.00010
102.90000,0.52193,0.00000,0.99894,0.00086,0.00004,0.00016
103.04000,0.52193,0.00000,0.99885,0.00092,0.00004,0.00019
103.18000,0.52193,0.00000,0.99879,0.00090,0.00006,0.00025
103.32000,0.52193,0.00000,0.99895,0.00088,0.00004,0.00012
103.46000,0.52194,0.00000,0.99650,0.00309,0.00003,0.00037
103.60000,0.52194,0.00002,0.94434,0.05044,0.00010,0.00511
103.74000,0.52194,0.00006,0.86213,0.11254,0.00016,0.02512
103.88000,0.52194,0.00002,0.95861,0.03872,0.00010,0.00255
104.02000,0.52194,0.00003,0.93905,0.06034,0.00011,0.00047
104.16000,0.52193,0.00002,0.96001,0.03948,0.00027,0.00022
104.30000,0.52193,0.00007,0.45572,0.54219,0.00150,0.00052
104.44000,0.52193,0.00009,0.78404,0.21415,0.00096,0.00075
104.58000,0.52193,0.00009,0.64583,0.35269,0.00067,0.00073
104.72000,0.52193,0.00001,0.98779,0.01185,0.00009,0.00026
104.86000,0.52193,0.00000,0.99036,0.00943,0.00007,0.00013
105.00000,0.52193,0.00000,0.99708,0.00278,0.00005,0.00009
105.14000,0.52193,0.00000,0.99530,0.00445,0.00009,0.00016
105.28000,0.52194,0.00001,0.99626,0.00336,0.00012,0.00025
105.42000,0.52194,0.00000,0.99316,0.00645,0.00014,0.00025
105.56000,0.52194,0.00000,0.99874,0.00106,0.00004,0.00016
105.70000,0.52194,0.00000,0.99883,0.00109,0.00002,0.00006
105.84000,0.52194,0.00000,0.99716,0.00231,0.00003,0.00049
105.98000,0.52193,0.00001,0.97148,0.02765,0.00008,0.00078
106.12000,0.52193,0.00007,0.88678,0.10239,0.00026,0.01050
106.26000,0.52193,0.00002,0.98233,0.01702,0.00014,0.00049
106.40000,0.52193,0.00000,0.99834,0.00136,0.00006,0.00024
106.54000,0.52193,0.00000,0.99962,0.00032,0.00002,0.00004
106.68000,0.52193,0.00000,0.99967,0.00025,0.00002,0.00006
106.82000,0.52193,0.00000,0.99966,0.00027,0.00002,0.00004
106.96000,0.52194,0.00000,0.99970,0.00025,0.00002,0.00003
107.10000,0.52194,0.00000,0.99989,0.00009,0.00001,0.00001
107.24000,0.52194,0.00000,0.99989,0.00009,0.00001,0.00002
107.38000,0.52194,0.00000,0.99971,0.00025,0.00001,0.00003
107.52000,0.52194,0.00000,0.99903,0.00084,0.00003,0.00010
107.66000,0.52193,0.00000,0.99946,0.00044,0.00003,0.00006
107.80000,0.52193,0.00000,0.99967,0.00025,0.00003,0.00006
107.94000,0.52193,0.00000,0.99989,0.00009,0.00001,0.00001
108.08000,0.52193,0.00000,0.99979,0.00017,0.00001,0.00003
108.22000,0.52193,0.00000,0.99968,0.00025,0.00002,0.00005
108.36000,0.52193,0.00000,0.99860,0.00121,0.00006,0.00013
108.50000,0.52193,0.00001,0.99245,0.00588,0.00007,0.00160
108.64000,0.52193,0.00003,0.85972,0.13623,0.00036,0.00365
108.78000,0.52194,0.00010,0.61697,0.36921,0.00050,0.01321
108.92000,0.52194,0.00005,0.67870,0.31598,0.00057,0.00469
109.06000,0.52194,0.00007,0.90549,0.08998,0.00053,0.00392
109.20000,0.52194,0.00001,0.99558,0.00394,0.00009,0.00038
109.34000,0.52194,0.00000,0.99976,0.00020,0.00001,0.00003
109.48000,0.52193,0.00000,0.99990,0.00008,0.00000,0.00002
109.62000,0.52193,0.00000,0.99985,0.00012,0.00000,0.00003
109.76000,0.52193,0.00000,0.99625,0.00361,0.00002,0.00012
109.90000,0.52193,0.00003,0.51618,0.48310,0.00012,0.00057
110.04000,0.52193,0.00001,0.05257,0.94718,0.00005,0.00018
110.18000,0.52193,0.00006,0.92118,0.07764,0.00029,0.00083
110.32000,0.52193,0.00001,0.99775,0.00198,0.00011,0.00016
110.46000,0.52194,0.00000,0.99961,0.00021,0.00007,0.00011
110.60000,0.52194,0.00000,0.99977,0.00019,0.00002,0.00003
110.74000,0.52194,0.00000,0.99961,0.00029,0.00005,0.00005
110.88000,0.52194,0.00000,0.99923,0.00068,0.00004,0.00005
111.02000,0.52194,0.00000,0.99815,0.00151,0.00006,0.00028
111.16000,0.52193,0.00000,0.99878,0.00093,0.00007,0.00021
111.30000,0.52193,0.00000,0.99817,0.00152,0.00009,0.00021
111.44000,0.52193,0.00000,0.99974,0.00022,0.00001,0.00003
111.58000,0.52193,0.00000,0.99990,0.00009,0.00001,0.00001
111.72000,0.52193,0.00000,0.99990,0.00008,0.00001,0.00001
111.86000,0.52193,0.00000,0.99991,0.00007,0.00001,0.00001
112.00000,0.52193,0.00000,0.99982,0.00014,0.00002,0.00002
112.14000,0.52193,0.00000,0.99992,0.00006,0.00001,0.00000
112.28000,0.52194,0.00000,0.99995,0.00004,0.00000,0.00000
112.42000,0.52194,0.00000,0.99998,0.00001,0.00000,0.00000
112.56000,0.52194,0.00000,0.99998,0.00002,0.00000,0.00000
112.70000,0.52194,0.00000,0.99999,0.00001,0.00000,0.00000
112.84000,0.52194,0.00000,0.99999,0.00001,0.00000,0.00000
112.98000,0.52193,0.00000,0.99999,0.00001,0.00000,0.00000
113.12000,0.52193,0.00000,0.99999,0.00001,0.00000,0.00000
113.26000,0.52193,0.00000,0.99999,0.00001,0.00000,0.00000
113.40000,0.52193,0.00000,0.99999,0.00001,0.00000,0.00000
113.54000,0.52193,0.00000,0.99999,0.00001,0.00000,0.00000
113.68000,0.52193,0.00000,0.99999,0.00001,0.00000,0.00000
113.82000,0.52193,0.00000,0.99999,0.00001,0.00000,0.00000
113.96000,0.52194,0.00000,0.99997,0.00002,0.00000,0.00000
114.10000,0.52194,0.00000,0.99994,0.00005,0.00000,0.00001
114.24000,0.52194,0.00000,0.99931,0.00031,0.00001,0.00037
114.38000,0.52194,0.00001,0.99642,0.00170,0.00007,0.00180
114.52000,0.52194,0.00014,0.89277,0.08783,0.00075,0.01851
114.66000,0.52193,0.00012,0.51360,0.47960,0.00065,0.00604
114.80000,0.52193,0.00008,0.37119,0.62572,0.00033,0.00268
114.94000,0.52193,0.00005,0.86358,0.13226,0.00025,0.00385
115.08000,0.52193,0.00001,0.99000,0.00855,0.00012,0.00132
115.22000,0.52193,0.00000,0.99951,0.00034,0.00004,0.00011
115.36000,0.52193,0.00000,0.99986,0.00011,0.00001,0.00002
115.50000,0.52193,0.00000,0.99977,0.00020,0.00001,0.00002
115.64000,0.52193,0.00000,0.99821,0.00170,0.00002,0.00007
115.78000,0.52194,0.00001,0.94585,0.05389,0.00010,0.00015
115.92000,0.52194,0.00003,0.55622,0.44316,0.00008,0.00051
116.06000,0.52194,0.00006,0.40052,0.59572,0.00044,0.00326
116.20000,0.52194,0.00009,0.05908,0.93678,0.00028,0.00377
116.34000,0.52194,0.00012,0.02273,0.97602,0.00043,0.00071
116.48000,0.52193,0.00016,0.31537,0.68269,0.00061,0.00116
116.62000,0.52193,0.00008,0.58399,0.41447,0.00034,0.00112
116.76000,0.52193,0.00005,0.61315,0.38482,0.00017,0.00181
116.90000,0.52193,0.00003,0.95393,0.04514,0.00022,0.00068
117.04000,0.52193,0.00001,0.98951,0.00984,0.00017,0.00046
117.18000,0.52193,0.00000,0.99798,0.00163,0.00011,0.00028
117.32000,0.52193,0.00000,0.99894,0.00084,0.00011,0.00011
117.46000,0.52194,0.00000,0.99860,0.00116,0.00007,0.00016
117.60000,0.52194,0.00000,0.99751,0.00229,0.00006,0.00014
117.74000,0.52194,0.00001,0.99186,0.00776,0.00004,0.00034
117.88000,0.52194,0.00000,0.99677,0.00240,0.00004,0.00079
118.02000,0.52194,0.00002,0.97392,0.02484,0.00011,0.00112
118.16000,0.52193,0.00009,0.36157,0.63502,0.00041,0.00291
118.30000,0.52193,0.00010,0.33991,0.65884,0.00034,0.00081
118.44000,0.52193,0.00006,0.84303,0.15630,0.00019,0.00042
118.58000,0.52193,0.00001,0.99352,0.00572,0.00005,0.00070
118.72000,0.52193,0.00002,0.97516,0.01758,0.00008,0.00717
118.86000,0.52193,0.00004,0.90477,0.02276,0.00015,0.07229
119.00000,0.52193,0.00017,0.65913,0.14768,0.00045,0.19256
119.14000,0.52193,0.00005,0.88346,0.10880,0.00022,0.00746
119.28000,0.52194,0.00001,0.98570,0.01341,0.00008,0.00080
119.42000,0.52194,0.00000,0.99795,0.00182,0.00005,0.00017
119.56000,0.52194,0.00000,0.99955,0.00037,0.00002,0.00006
119.70000,0.52194,0.00000,0.99959,0.00031,0.00003,0.00007
119.84000,0.52194,0.00000,0.99976,0.00017,0.00002,0.00005
119.98000,0.52193,0.00000,0.99983,0.00013,0.00001,0.00002
120.12000,0.52193,0.00000,0.99957,0.00036,0.00002,0.00005
120.26000,0.52193,0.00000,0.99522,0.00442,0.00006,0.00029
120.40000,0.52193,0.00002,0.96847,0.03058,0.00014,0.00079
120.54000,0.52193,0.00001,0.97590,0.02375,0.00008,0.00025
120.68000,0.52193,0.00000,0.99926,0.00060,0.00002,0.00012
120.82000,0.52193,0.00000,0.99928,0.00049,0.00003,0.00020
120.96000,0.52194,0.00000,0.99908,0.00042,0.00003,0.00046
121.10000,0.52194,0.00000,0.99884,0.00079,0.00005,0.00032
121.24000,0.52194,0.00000,0.99854,0.00100,0.00008,0.00037
121.38000,0.52194,0.00000,0.99916,0.00063,0.00007,0.00014
121.52000,0.52194,0.00000,0.99793,0.00187,0.00007,0.00013
121.66000,0.52193,0.00001,0.98999,0.00950,0.00016,0.00034
121.80000,0.52193,0.00000,0.99823,0.00157,0.00007,0.00014
121.94000,0.52193,0.00000,0.99981,0.00015,0.00003,0.00001
122.08000,0.52193,0.00000,0.99999,0.00001,0.00000,0.00000
