Time (seconds), Duration (seconds),pred_unlabelled,pred_broken,pred_good,pred_heavyload,pred_other
0.00000,1.02194,0.00000,1.00000,0.00000,0.00000,0.00000
0.14000,1.02194,0.00000,1.00000,0.00000,0.00000,0.00000
0.28000,1.02194,0.00000,1.00000,0.00000,0.00000,0.00000
0.42000,1.02194,0.00000,1.00000,0.00000,0.00000,0.00000
0.56000,1.02194,0.00000,1.00000,0.00000,0.00000,0.00000
0.70000,1.02194,0.00000,1.00000,0.00000,0.00000,0.00000
0.84000,1.02194,0.00000,1.00000,0.00000,0.00000,0.00000
0.98000,1.02194,0.00000,1.00000,0.00000,0.00000,0.00000
1.12000,1.02194,0.00000,1.00000,0.00000,0.00000,0.00000
1.26000,1.02194,0.00000,1.00000,0.00000,0.00000,0.00000
1.40000,1.02194,0.00000,1.00000,0.00000,0.00000,0.00000
1.54000,1.02194,0.00000,1.00000,0.00000,0.00000,0.00000
1.68000,1.02194,0.00000,1.00000,0.00000,0.00000,0.00000
1.82000,1.02194,0.00000,1.00000,0.00000,0.00000,0.00000
1.96000,1.02194,0.00000,1.00000,0.00000,0.00000,0.00000
2.10000,1.02194,0.00000,1.00000,0.00000,0.00000,0.00000
2.24000,1.02194,0.00000,1.00000,0.00000,0.00000,0.00000
2.38000,1.02194,0.00000,1.00000,0.00000,0.00000,0.00000
2.52000,1.02194,0.00000,1.00000,0.00000,0.00000,0.00000
2.66000,1.02194,0.00000,1.00000,0.00000,0.00000,0.00000
2.80000,1.02194,0.00000,1.00000,0.00000,0.00000,0.00000
2.94000,1.02194,0.00000,1.00000,0.00000,0.00000,0.00000
3.08000,1.02194,0.00000,1.00000,0.00000,0.00000,0.00000
3.22000,1.02194,0.00000,1.00000,0.00000,0.00000,0.00000
3.36000,1.02194,0.00000,1.00000,0.00000,0.00000,0.00000
3.50000,1.02194,0.00000,1.00000,0.00000,0.00000,0.00000
3.64000,1.02194,0.00000,1.00000,0.00000,0.00000,0.00000
3.78000,1.02194,0.00000,1.00000,0.00000,0.00000,0.00000
3.92000,1.02194,0.00000,1.00000,0.00000,0.00000,0.00000
4.06000,1.02194,0.00000,1.00000,0.00000,0.00000,0.00000
4.20000,1.02194,0.00000,1.00000,0.00000,0.00000,0.00000
4.34000,1.02194,0.00000,1.00000,0.00000,0.00000,0.00000
4.48000,1.02194,0.00000,1.00000,0.00000,0.00000,0.00000
4.62000,1.02194,0.00000,1.00000,0.00000,0.00000,0.00000
4.76000,1.02194,0.00000,1.00000,0.00000,0.00000,0.00000
4.90000,1.02194,0.00000,1.00000,0.00000,0.00000,0.00000
5.04000,1.02194,0.00000,1.00000,0.00000,0.00000,0.00000
5.18000,1.02194,0.00000,1.00000,0.00000,0.00000,0.00000
5.32000,1.02194,0.00000,1.00000,0.00000,0.00000,0.00000
5.46000,1.02194,0.00000,1.00000,0.00000,0.00000,0.00000
5.60000,1.02194,0.00000,1.00000,0.00000,0.00000,0.00000
5.74000,1.02194,0.00000,1.00000,0.00000,0.00000,0.00000
5.88000,1.02194,0.00000,1.00000,0.00000,0.00000,0.00000
6.02000,1.02194,0.00000,1.00000,0.00000,0.00000,0.00000
6.16000,1.02194,0.00000,1.00000,0.00000,0.00000,0.00000
6.30000,1.02194,0.00000,1.00000,0.00000,0.00000,0.00000
6.44000,1.02194,0.00000,1.00000,0.00000,0.00000,0.00000
6.58000,1.02194,0.00000,1.00000,0.00000,0.00000,0.00000
6.72000,1.02194,0.00000,1.00000,0.00000,0.00000,0.00000
6.86000,1.02194,0.00000,1.00000,0.00000,0.00000,0.00000
7.00000,1.02194,0.00000,1.00000,0.00000,0.00000,0.00000
7.14000,1.02194,0.00000,1.00000,0.00000,0.00000,0.00000
7.28000,1.02194,0.00000,1.00000,0.00000,0.00000,0.00000
7.42000,1.02194,0.00000,1.00000,0.00000,0.00000,0.00000
7.56000,1.02194,0.00000,1.00000,0.00000,0.00000,0.00000
7.70000,1.02194,0.00000,1.00000,0.00000,0.00000,0.00000
7.84000,1.02194,0.00000,1.00000,0.00000,0.00000,0.00000
7.98000,1.02194,0.00000,1.00000,0.00000,0.00000,0.00000
8.12000,1.02194,0.00000,1.00000,0.00000,0.00000,0.00000
8.26000,1.02194,0.00000,1.00000,0.00000,0.00000,0.00000
8.40000,1.02194,0.00000,1.00000,0.00000,0.00000,0.00000
8.54000,1.02194,0.00000,1.00000,0.00000,0.00000,0.00000
8.68000,1.02194,0.00000,1.00000,0.00000,0.00000,0.00000
8.82000,1.02194,0.00000,1.00000,0.00000,0.00000,0.00000
8.96000,1.02194,0.00000,1.00000,0.00000,0.00000,0.00000
9.10000,1.02194,0.00000,1.00000,0.00000,0.00000,0.00000
9.24000,1.02194,0.00000,1.00000,0.00000,0.00000,0.00000
9.38000,1.02194,0.00000,1.00000,0.00000,0.00000,0.00000
9.52000,1.02194,0.00000,1.00000,0.00000,0.00000,0.00000
9.66000,1.02194,0.00000,1.00000,0.00000,0.00000,0.00000
9.80000,1.02194,0.00000,1.00000,0.00000,0.00000,0.00000
9.94000,1.02194,0.00000,1.00000,0.00000,0.00000,0.00000
10.08000,1.02194,0.00000,1.00000,0.00000,0.00000,0.00000
10.22000,1.02194,0.00000,1.00000,0.00000,0.00000,0.00000
10.36000,1.02194,0.00000,1.00000,0.00000,0.00000,0.00000
10.50000,1.02194,0.00000,1.00000,0.00000,0.00000,0.00000
10.64000,1.02194,0.00000,1.00000,0.00000,0.00000,0.00000
10.78000,1.02194,0.00000,1.00000,0.00000,0.00000,0.00000
10.92000,1.02194,0.00000,1.00000,0.00000,0.00000,0.00000
11.06000,1.02194,0.00000,1.00000,0.00000,0.00000,0.00000
11.20000,1.02194,0.00000,1.00000,0.00000,0.00000,0.00000
11.34000,1.02194,0.00000,1.00000,0.00000,0.00000,0.00000
11.48000,1.02194,0.00000,1.00000,0.00000,0.00000,0.00000
11.62000,1.02194,0.00000,1.00000,0.00000,0.00000,0.00000
11.76000,1.02194,0.00000,1.00000,0.00000,0.00000,0.00000
11.90000,1.02194,0.00000,1.00000,0.00000,0.00000,0.00000
12.04000,1.02194,0.00000,1.00000,0.00000,0.00000,0.00000
12.18000,1.02194,0.00000,1.00000,0.00000,0.00000,0.00000
12.32000,1.02194,0.00000,1.00000,0.00000,0.00000,0.00000
12.46000,1.02194,0.00000,1.00000,0.00000,0.00000,0.00000
12.60000,1.02194,0.00000,1.00000,0.00000,0.00000,0.00000
12.74000,1.02194,0.00000,1.00000,0.00000,0.00000,0.00000
12.88000,1.02194,0.00000,1.00000,0.00000,0.00000,0.00000
13.02000,1.02194,0.00000,1.00000,0.00000,0.00000,0.00000
13.16000,1.02194,0.00000,1.00000,0.00000,0.00000,0.00000
13.30000,1.02194,0.00000,1.00000,0.00000,0.00000,0.00000
13.44000,1.02194,0.00000,1.00000,0.00000,0.00000,0.00000
13.58000,1.02194,0.00000,1.00000,0.00000,0.00000,0.00000
13.72000,1.02194,0.00000,1.00000,0.00000,0.00000,0.00000
13.86000,1.02194,0.00000,1.00000,0.00000,0.00000,0.00000
14.00000,1.02194,0.00000,1.00000,0.00000,0.00000,0.00000
14.14000,1.02194,0.00000,1.00000,0.00000,0.00000,0.00000
14.28000,1.02194,0.00000,1.00000,0.00000,0.00000,0.00000
14.42000,1.02194,0.00000,1.00000,0.00000,0.00000,0.00000
14.56000,1.02194,0.00000,1.00000,0.00000,0.00000,0.00000
14.70000,1.02194,0.00000,1.00000,0.00000,0.00000,0.00000
14.84000,1.02194,0.00000,1.00000,0.00000,0.00000,0.00000
14.98000,1.02194,0.00000,1.00000,0.00000,0.00000,0.00000
15.12000,1.02194,0.00000,1.00000,0.00000,0.00000,0.00000
15.26000,1.02194,0.00000,1.00000,0.00000,0.00000,0.00000
15.40000,1.02194,0.00000,1.00000,0.00000,0.00000,0.00000
15.54000,1.02194,0.00000,1.00000,0.00000,0.00000,0.00000
15.68000,1.02194,0.00000,1.00000,0.00000,0.00000,0.00000
15.82000,1.02194,0.00000,1.00000,0.00000,0.00000,0.00000
15.96000,1.02194,0.00000,1.00000,0.00000,0.00000,0.00000
16.10000,1.02194,0.00000,1.00000,0.00000,0.00000,0.00000
16.24000,1.02194,0.00000,1.00000,0.00000,0.00000,0.00000
16.38000,1.02194,0.00000,1.00000,0.00000,0.00000,0.00000
16.52000,1.02194,0.00000,1.00000,0.00000,0.00000,0.00000
16.66000,1.02194,0.00000,1.00000,0.00000,0.00000,0.00000
16.80000,1.02194,0.00000,1.00000,0.00000,0.00000,0.00000
16.94000,1.02194,0.00000,1.00000,0.00000,0.00000,0.00000
17.08000,1.02194,0.00000,1.00000,0.00000,0.00000,0.00000
17.22000,1.02194,0.00000,1.00000,0.00000,0.00000,0.00000
17.36000,1.02194,0.00000,1.00000,0.00000,0.00000,0.00000
17.50000,1.02194,0.00000,1.00000,0.00000,0.00000,0.00000
17.64000,1.02194,0.00000,1.00000,0.00000,0.00000,0.00000
17.78000,1.02194,0.00000,1.00000,0.00000,0.00000,0.00000
17.92000,1.02194,0.00000,1.00000,0.00000,0.00000,0.00000
18.06000,1.02194,0.00000,1.00000,0.00000,0.00000,0.00000
18.20000,1.02194,0.00000,1.00000,0.00000,0.00000,0.00000
18.34000,1.02194,0.00000,1.00000,0.00000,0.00000,0.00000
18.48000,1.02194,0.00000,1.00000,0.00000,0.00000,0.00000
18.62000,1.02194,0.00000,1.00000,0.00000,0.00000,0.00000
18.76000,1.02194,0.00000,1.00000,0.00000,0.00000,0.00000
18.90000,1.02194,0.00000,1.00000,0.00000,0.00000,0.00000
19.04000,1.02194,0.00000,1.00000,0.00000,0.00000,0.00000
19.18000,1.02194,0.00000,1.00000,0.00000,0.00000,0.00000
19.32000,1.02194,0.00000,1.00000,0.00000,0.00000,0.00000
19.46000,1.02194,0.00000,1.00000,0.00000,0.00000,0.00000
19.60000,1.02194,0.00000,1.00000,0.00000,0.00000,0.00000
19.74000,1.02194,0.00000,1.00000,0.00000,0.00000,0.00000
19.88000,1.02194,0.00000,1.00000,0.00000,0.00000,0.00000
20.02000,1.02194,0.00000,1.00000,0.00000,0.00000,0.00000
20.16000,1.02194,0.00000,1.00000,0.00000,0.00000,0.00000
20.30000,1.02194,0.00000,1.00000,0.00000,0.00000,0.00000
20.44000,1.02194,0.00000,1.00000,0.00000,0.00000,0.00000
20.58000,1.02194,0.00000,1.00000,0.00000,0.00000,0.00000
20.72000,1.02194,0.00000,1.00000,0.00000,0.00000,0.00000
20.86000,1.02194,0.00000,1.00000,0.00000,0.00000,0.00000
21.00000,1.02194,0.00000,1.00000,0.00000,0.00000,0.00000
21.14000,1.02194,0.00000,1.00000,0.00000,0.00000,0.00000
21.28000,1.02194,0.00000,1.00000,0.00000,0.00000,0.00000
21.42000,1.02194,0.00000,1.00000,0.00000,0.00000,0.00000
21.56000,1.02194,0.00000,1.00000,0.00000,0.00000,0.00000
21.70000,1.02194,0.00000,1.00000,0.00000,0.00000,0.00000
21.84000,1.02194,0.00000,1.00000,0.00000,0.00000,0.00000
21.98000,1.02194,0.00000,1.00000,0.00000,0.00000,0.00000
22.12000,1.02194,0.00000,1.00000,0.00000,0.00000,0.00000
22.26000,1.02194,0.00000,1.00000,0.00000,0.00000,0.00000
22.40000,1.02194,0.00000,1.00000,0.00000,0.00000,0.00000
22.54000,1.02194,0.00000,1.00000,0.00000,0.00000,0.00000
22.68000,1.02194,0.00000,1.00000,0.00000,0.00000,0.00000
22.82000,1.02194,0.00000,1.00000,0.00000,0.00000,0.00000
22.96000,1.02194,0.00000,1.00000,0.00000,0.00000,0.00000
23.10000,1.02194,0.00000,1.00000,0.00000,0.00000,0.00000
23.24000,1.02194,0.00000,1.00000,0.00000,0.00000,0.00000
23.38000,1.02194,0.00000,1.00000,0.00000,0.00000,0.00000
23.52000,1.02194,0.00000,1.00000,0.00000,0.00000,0.00000
23.66000,1.02194,0.00000,1.00000,0.00000,0.00000,0.00000
23.80000,1.02194,0.00000,1.00000,0.00000,0.00000,0.00000
23.94000,1.02194,0.00000,1.00000,0.00000,0.00000,0.00000
24.08000,1.02194,0.00000,1.00000,0.00000,0.00000,0.00000
24.22000,1.02194,0.00000,1.00000,0.00000,0.00000,0.00000
24.36000,1.02194,0.00000,1.00000,0.00000,0.00000,0.00000
24.50000,1.02194,0.00000,1.00000,0.00000,0.00000,0.00000
24.64000,1.02194,0.00000,1.00000,0.00000,0.00000,0.00000
24.78000,1.02194,0.00000,1.00000,0.00000,0.00000,0.00000
24.92000,1.02194,0.00000,1.00000,0.00000,0.00000,0.00000
25.06000,1.02194,0.00000,1.00000,0.00000,0.00000,0.00000
25.20000,1.02194,0.00000,1.00000,0.00000,0.00000,0.00000
25.34000,1.02194,0.00000,1.00000,0.00000,0.00000,0.00000
25.48000,1.02194,0.00000,1.00000,0.00000,0.00000,0.00000
25.62000,1.02194,0.00000,1.00000,0.00000,0.00000,0.00000
25.76000,1.02194,0.00000,1.00000,0.00000,0.00000,0.00000
25.90000,1.02194,0.00000,1.00000,0.00000,0.00000,0.00000
26.04000,1.02194,0.00000,1.00000,0.00000,0.00000,0.00000
26.18000,1.02194,0.00000,1.00000,0.00000,0.00000,0.00000
26.32000,1.02194,0.00000,1.00000,0.00000,0.00000,0.00000
26.46000,1.02194,0.00000,1.00000,0.00000,0.00000,0.00000
26.60000,1.02194,0.00000,1.00000,0.00000,0.00000,0.00000
26.74000,1.02194,0.00000,1.00000,0.00000,0.00000,0.00000
26.88000,1.02194,0.00000,1.00000,0.00000,0.00000,0.00000
27.02000,1.02194,0.00000,1.00000,0.00000,0.00000,0.00000
27.16000,1.02194,0.00000,1.00000,0.00000,0.00000,0.00000
27.30000,1.02194,0.00000,1.00000,0.00000,0.00000,0.00000
27.44000,1.02194,0.00000,1.00000,0.00000,0.00000,0.00000
27.58000,1.02194,0.00000,1.00000,0.00000,0.00000,0.00000
27.72000,1.02194,0.00000,1.00000,0.00000,0.00000,0.00000
27.86000,1.02194,0.00000,1.00000,0.00000,0.00000,0.00000
28.00000,1.02194,0.00000,1.00000,0.00000,0.00000,0.00000
28.14000,1.02194,0.00000,1.00000,0.00000,0.00000,0.00000
28.28000,1.02194,0.00000,1.00000,0.00000,0.00000,0.00000
28.42000,1.02194,0.00000,1.00000,0.00000,0.00000,0.00000
28.56000,1.02194,0.00000,1.00000,0.00000,0.00000,0.00000
28.70000,1.02194,0.00000,1.00000,0.00000,0.00000,0.00000
28.84000,1.02194,0.00000,1.00000,0.00000,0.00000,0.00000
28.98000,1.02194,0.00000,1.00000,0.00000,0.00000,0.00000
29.12000,1.02194,0.00000,1.00000,0.00000,0.00000,0.00000
29.26000,1.02194,0.00000,1.00000,0.00000,0.00000,0.00000
29.40000,1.02194,0.00000,1.00000,0.00000,0.00000,0.00000
29.54000,1.02194,0.00000,1.00000,0.00000,0.00000,0.00000
29.68000,1.02194,0.00000,1.00000,0.00000,0.00000,0.00000
29.82000,1.02194,0.00000,1.00000,0.00000,0.00000,0.00000
29.96000,1.02194,0.00000,1.00000,0.00000,0.00000,0.00000
30.10000,1.02194,0.00000,1.00000,0.00000,0.00000,0.00000
30.24000,1.02194,0.00000,1.00000,0.00000,0.00000,0.00000
30.38000,1.02194,0.00000,1.00000,0.00000,0.00000,0.00000
30.52000,1.02194,0.00000,1.00000,0.00000,0.00000,0.00000
30.66000,1.02194,0.00000,1.00000,0.00000,0.00000,0.00000
30.80000,1.02194,0.00000,1.00000,0.00000,0.00000,0.00000
30.94000,1.02194,0.00000,1.00000,0.00000,0.00000,0.00000
31.08000,1.02194,0.00000,1.00000,0.00000,0.00000,0.00000
31.22000,1.02194,0.00000,1.00000,0.00000,0.00000,0.00000
31.36000,1.02194,0.00000,1.00000,0.00000,0.00000,0.00000
31.50000,1.02194,0.00000,1.00000,0.00000,0.00000,0.00000
31.64000,1.02194,0.00000,1.00000,0.00000,0.00000,0.00000
31.78000,1.02194,0.00000,1.00000,0.00000,0.00000,0.00000
31.92000,1.02194,0.00000,1.00000,0.00000,0.00000,0.00000
32.06000,1.02193,0.00000,1.00000,0.00000,0.00000,0.00000
32.20000,1.02194,0.00000,1.00000,0.00000,0.00000,0.00000
32.34000,1.02194,0.00000,1.00000,0.00000,0.00000,0.00000
32.48000,1.02194,0.00000,1.00000,0.00000,0.00000,0.00000
32.62000,1.02194,0.00000,1.00000,0.00000,0.00000,0.00000
32.76000,1.02194,0.00000,1.00000,0.00000,0.00000,0.00000
32.90000,1.02193,0.00000,1.00000,0.00000,0.00000,0.00000
33.04000,1.02194,0.00000,1.00000,0.00000,0.00000,0.00000
33.18000,1.02194,0.00000,1.00000,0.00000,0.00000,0.00000
33.32000,1.02194,0.00000,1.00000,0.00000,0.00000,0.00000
33.46000,1.02194,0.00000,1.00000,0.00000,0.00000,0.00000
33.60000,1.02194,0.00000,1.00000,0.00000,0.00000,0.00000
33.74000,1.02193,0.00000,1.00000,0.00000,0.00000,0.00000
33.88000,1.02194,0.00000,1.00000,0.00000,0.00000,0.00000
34.02000,1.02194,0.00000,1.00000,0.00000,0.00000,0.00000
34.16000,1.02194,0.00000,1.00000,0.00000,0.00000,0.00000
34.30000,1.02194,0.00000,1.00000,0.00000,0.00000,0.00000
34.44000,1.02194,0.00000,1.00000,0.00000,0.00000,0.00000
34.58000,1.02193,0.00000,1.00000,0.00000,0.00000,0.00000
34.72000,1.02193,0.00000,1.00000,0.00000,0.00000,0.00000
34.86000,1.02194,0.00000,1.00000,0.00000,0.00000,0.00000
35.00000,1.02194,0.00000,1.00000,0.00000,0.00000,0.00000
35.14000,1.02194,0.00000,1.00000,0.00000,0.00000,0.00000
35.28000,1.02194,0.00000,1.00000,0.00000,0.00000,0.00000
35.42000,1.02194,0.00000,1.00000,0.00000,0.00000,0.00000
35.56000,1.02193,0.00000,1.00000,0.00000,0.00000,0.00000
35.70000,1.02194,0.00000,1.00000,0.00000,0.00000,0.00000
35.84000,1.02194,0.00000,1.00000,0.00000,0.00000,0.00000
35.98000,1.02194,0.00000,1.00000,0.00000,0.00000,0.00000
36.12000,1.02194,0.00000,1.00000,0.00000,0.00000,0.00000
36.26000,1.02194,0.00000,1.00000,0.00000,0.00000,0.00000
36.40000,1.02193,0.00000,1.00000,0.00000,0.00000,0.00000
36.54000,1.02194,0.00000,1.00000,0.00000,0.00000,0.00000
36.68000,1.02194,0.00000,1.00000,0.00000,0.00000,0.00000
36.82000,1.02194,0.00000,1.00000,0.00000,0.00000,0.00000
36.96000,1.02194,0.00000,1.00000,0.00000,0.00000,0.00000
37.10000,1.02194,0.00000,1.00000,0.00000,0.00000,0.00000
37.24000,1.02193,0.00000,1.00000,0.00000,0.00000,0.00000
37.38000,1.02194,0.00000,1.00000,0.00000,0.00000,0.00000
37.52000,1.02194,0.00000,1.00000,0.00000,0.00000,0.00000
37.66000,1.02194,0.00000,1.00000,0.00000,0.00000,0.00000
37.80000,1.02194,0.00000,1.00000,0.00000,0.00000,0.00000
37.94000,1.02194,0.00000,1.00000,0.00000,0.00000,0.00000
38.08000,1.02193,0.00000,1.00000,0.00000,0.00000,0.00000
38.22000,1.02193,0.00000,1.00000,0.00000,0.00000,0.00000
38.36000,1.02194,0.00000,1.00000,0.00000,0.00000,0.00000
38.50000,1.02194,0.00000,1.00000,0.00000,0.00000,0.00000
38.64000,1.02194,0.00000,1.00000,0.00000,0.00000,0.00000
38.78000,1.02194,0.00000,1.00000,0.00000,0.00000,0.00000
38.92000,1.02194,0.00000,1.00000,0.00000,0.00000,0.00000
39.06000,1.02193,0.00000,1.00000,0.00000,0.00000,0.00000
39.20000,1.02194,0.00000,1.00000,0.00000,0.00000,0.00000
39.34000,1.02194,0.00000,1.00000,0.00000,0.00000,0.00000
39.48000,1.02194,0.00000,1.00000,0.00000,0.00000,0.00000
39.62000,1.02194,0.00000,1.00000,0.00000,0.00000,0.00000
39.76000,1.02194,0.00000,1.00000,0.00000,0.00000,0.00000
39.90000,1.02193,0.00000,1.00000,0.00000,0.00000,0.00000
40.04000,1.02194,0.00000,1.00000,0.00000,0.00000,0.00000
40.18000,1.02194,0.00000,1.00000,0.00000,0.00000,0.00000
40.32000,1.02194,0.00000,1.00000,0.00000,0.00000,0.00000
40.46000,1.02194,0.00000,1.00000,0.00000,0.00000,0.00000
40.60000,1.02194,0.00000,1.00000,0.00000,0.00000,0.00000
40.74000,1.02193,0.00000,1.00000,0.00000,0.00000,0.00000
40.88000,1.02194,0.00000,1.00000,0.00000,0.00000,0.00000
41.02000,1.02194,0.00000,1.00000,0.00000,0.00000,0.00000
41.16000,1.02194,0.00000,1.00000,0.00000,0.00000,0.00000
41.30000,1.02194,0.00000,1.00000,0.00000,0.00000,0.00000
41.44000,1.02194,0.00000,1.00000,0.00000,0.00000,0.00000
41.58000,1.02193,0.00000,1.00000,0.00000,0.00000,0.00000
41.72000,1.02193,0.00000,1.00000,0.00000,0.00000,0.00000
41.86000,1.02194,0.00000,1.00000,0.00000,0.00000,0.00000
42.00000,1.02194,0.00000,1.00000,0.00000,0.00000,0.00000
42.14000,1.02194,0.00000,1.00000,0.00000,0.00000,0.00000
42.28000,1.02194,0.00000,1.00000,0.00000,0.00000,0.00000
42.42000,1.02194,0.00000,1.00000,0.00000,0.00000,0.00000
42.56000,1.02193,0.00000,1.00000,0.00000,0.00000,0.00000
42.70000,1.02194,0.00000,1.00000,0.00000,0.00000,0.00000
42.84000,1.02194,0.00000,1.00000,0.00000,0.00000,0.00000
42.98000,1.02194,0.00000,1.00000,0.00000,0.00000,0.00000
43.12000,1.02194,0.00000,1.00000,0.00000,0.00000,0.00000
43.26000,1.02194,0.00000,1.00000,0.00000,0.00000,0.00000
43.40000,1.02193,0.00000,1.00000,0.00000,0.00000,0.00000
43.54000,1.02194,0.00000,1.00000,0.00000,0.00000,0.00000
43.68000,1.02194,0.00000,1.00000,0.00000,0.00000,0.00000
43.82000,1.02194,0.00000,1.00000,0.00000,0.00000,0.00000
43.96000,1.02194,0.00000,1.00000,0.00000,0.00000,0.00000
44.10000,1.02194,0.00000,1.00000,0.00000,0.00000,0.00000
44.24000,1.02193,0.00000,1.00000,0.00000,0.00000,0.00000
44.38000,1.02194,0.00000,1.00000,0.00000,0.00000,0.00000
44.52000,1.02194,0.00000,1.00000,0.00000,0.00000,0.00000
44.66000,1.02194,0.00000,1.00000,0.00000,0.00000,0.00000
44.80000,1.02194,0.00000,1.00000,0.00000,0.00000,0.00000
44.94000,1.02194,0.00000,1.00000,0.00000,0.00000,0.00000
45.08000,1.02193,0.00000,1.00000,0.00000,0.00000,0.00000
45.22000,1.02193,0.00000,1.00000,0.00000,0.00000,0.00000
45.36000,1.02194,0.00000,1.00000,0.00000,0.00000,0.00000
45.50000,1.02194,0.00000,1.00000,0.00000,0.00000,0.00000
45.64000,1.02194,0.00000,1.00000,0.00000,0.00000,0.00000
45.78000,1.02194,0.00000,1.00000,0.00000,0.00000,0.00000
45.92000,1.02194,0.00000,1.00000,0.00000,0.00000,0.00000
46.06000,1.02193,0.00000,1.00000,0.00000,0.00000,0.00000
46.20000,1.02194,0.00000,1.00000,0.00000,0.00000,0.00000
46.34000,1.02194,0.00000,1.00000,0.00000,0.00000,0.00000
46.48000,1.02194,0.00000,1.00000,0.00000,0.00000,0.00000
46.62000,1.02194,0.00000,1.00000,0.00000,0.00000,0.00000
46.76000,1.02194,0.00000,1.00000,0.00000,0.00000,0.00000
46.90000,1.02193,0.00000,1.00000,0.00000,0.00000,0.00000
47.04000,1.02194,0.00000,1.00000,0.00000,0.00000,0.00000
47.18000,1.02194,0.00000,1.00000,0.00000,0.00000,0.00000
47.32000,1.02194,0.00000,1.00000,0.00000,0.00000,0.00000
47.46000,1.02194,0.00000,1.00000,0.00000,0.00000,0.00000
47.60000,1.02194,0.00000,1.00000,0.00000,0.00000,0.00000
47.74000,1.02193,0.00000,1.00000,0.00000,0.00000,0.00000
47.88000,1.02194,0.00000,1.00000,0.00000,0.00000,0.00000
48.02000,1.02194,0.00000,1.00000,0.00000,0.00000,0.00000
48.16000,1.02194,0.00000,1.00000,0.00000,0.00000,0.00000
48.30000,1.02194,0.00000,1.00000,0.00000,0.00000,0.00000
48.44000,1.02194,0.00000,1.00000,0.00000,0.00000,0.00000
48.58000,1.02193,0.00000,1.00000,0.00000,0.00000,0.00000
48.72000,1.02193,0.00000,1.00000,0.00000,0.00000,0.00000
48.86000,1.02194,0.00000,1.00000,0.00000,0.00000,0.00000
49.00000,1.02194,0.00000,1.00000,0.00000,0.00000,0.00000
49.14000,1.02194,0.00000,1.00000,0.00000,0.00000,0.00000
49.28000,1.02194,0.00000,1.00000,0.00000,0.00000,0.00000
49.42000,1.02194,0.00000,1.00000,0.00000,0.00000,0.00000
49.56000,1.02193,0.00000,1.00000,0.00000,0.00000,0.00000
49.70000,1.02194,0.00000,1.00000,0.00000,0.00000,0.00000
49.84000,1.02194,0.00000,1.00000,0.00000,0.00000,0.00000
49.98000,1.02194,0.00000,1.00000,0.00000,0.00000,0.00000
50.12000,1.02194,0.00000,1.00000,0.00000,0.00000,0.00000
50.26000,1.02194,0.00000,1.00000,0.00000,0.00000,0.00000
50.40000,1.02193,0.00000,1.00000,0.00000,0.00000,0.00000
50.54000,1.02194,0.00000,1.00000,0.00000,0.00000,0.00000
50.68000,1.02194,0.00000,1.00000,0.00000,0.00000,0.00000
50.82000,1.02194,0.00000,1.00000,0.00000,0.00000,0.00000
50.96000,1.02194,0.00000,1.00000,0.00000,0.00000,0.00000
51.10000,1.02194,0.00000,1.00000,0.00000,0.00000,0.00000
51.24000,1.02193,0.00000,1.00000,0.00000,0.00000,0.00000
51.38000,1.02194,0.00000,1.00000,0.00000,0.00000,0.00000
51.52000,1.02194,0.00000,1.00000,0.00000,0.00000,0.00000
51.66000,1.02194,0.00000,1.00000,0.00000,0.00000,0.00000
51.80000,1.02194,0.00000,1.00000,0.00000,0.00000,0.00000
51.94000,1.02194,0.00000,1.00000,0.00000,0.00000,0.00000
52.08000,1.02193,0.00000,1.00000,0.00000,0.00000,0.00000
52.22000,1.02193,0.00000,1.00000,0.00000,0.00000,0.00000
52.36000,1.02194,0.00000,1.00000,0.00000,0.00000,0.00000
52.50000,1.02194,0.00000,1.00000,0.00000,0.00000,0.00000
52.64000,1.02194,0.00000,1.00000,0.00000,0.00000,0.00000
52.78000,1.02194,0.00000,1.00000,0.00000,0.00000,0.00000
52.92000,1.02194,0.00000,1.00000,0.00000,0.00000,0.00000
53.06000,1.02193,0.00000,1.00000,0.00000,0.00000,0.00000
53.20000,1.02194,0.00000,1.00000,0.00000,0.00000,0.00000
53.34000,1.02194,0.00000,1.00000,0.00000,0.00000,0.00000
53.48000,1.02194,0.00000,1.00000,0.00000,0.00000,0.00000
53.62000,1.02194,0.00000,1.00000,0.00000,0.00000,0.00000
53.76000,1.02194,0.00000,1.00000,0.00000,0.00000,0.00000
53.90000,1.02193,0.00000,1.00000,0.00000,0.00000,0.00000
54.04000,1.02194,0.00000,1.00000,0.00000,0.00000,0.00000
54.18000,1.02194,0.00000,1.00000,0.00000,0.00000,0.00000
54.32000,1.02194,0.00000,1.00000,0.00000,0.00000,0.00000
54.46000,1.02194,0.00000,1.00000,0.00000,0.00000,0.00000
54.60000,1.02194,0.00000,1.00000,0.00000,0.00000,0.00000
54.74000,1.02193,0.00000,1.00000,0.00000,0.00000,0.00000
54.88000,1.02194,0.00000,1.00000,0.00000,0.00000,0.00000
55.02000,1.02194,0.00000,1.00000,0.00000,0.00000,0.00000
55.16000,1.02194,0.00000,1.00000,0.00000,0.00000,0.00000
55.30000,1.02194,0.00000,1.00000,0.00000,0.00000,0.00000
55.44000,1.02194,0.00000,1.00000,0.00000,0.00000,0.00000
55.58000,1.02193,0.00000,1.00000,0.00000,0.00000,0.00000
55.72000,1.02193,0.00000,1.00000,0.00000,0.00000,0.00000
55.86000,1.02194,0.00000,1.00000,0.00000,0.00000,0.00000
56.00000,1.02194,0.00000,1.00000,0.00000,0.00000,0.00000
56.14000,1.02194,0.00000,1.00000,0.00000,0.00000,0.00000
56.28000,1.02194,0.00000,1.00000,0.00000,0.00000,0.00000
56.42000,1.02194,0.00000,1.00000,0.00000,0.00000,0.00000
56.56000,1.02193,0.00000,1.00000,0.00000,0.00000,0.00000
56.70000,1.02194,0.00000,1.00000,0.00000,0.00000,0.00000
56.84000,1.02194,0.00000,1.00000,0.00000,0.00000,0.00000
56.98000,1.02194,0.00000,1.00000,0.00000,0.00000,0.00000
57.12000,1.02194,0.00000,1.00000,0.00000,0.00000,0.00000
57.26000,1.02194,0.00000,1.00000,0.00000,0.00000,0.00000
57.40000,1.02193,0.00000,1.00000,0.00000,0.00000,0.00000
57.54000,1.02194,0.00000,1.00000,0.00000,0.00000,0.00000
57.68000,1.02194,0.00000,1.00000,0.00000,0.00000,0.00000
57.82000,1.02194,0.00000,1.00000,0.00000,0.00000,0.00000
57.96000,1.02194,0.00000,1.00000,0.00000,0.00000,0.00000
58.10000,1.02194,0.00000,1.00000,0.00000,0.00000,0.00000
58.24000,1.02193,0.00000,1.00000,0.00000,0.00000,0.00000
58.38000,1.02194,0.00000,1.00000,0.00000,0.00000,0.00000
58.52000,1.02194,0.00000,1.00000,0.00000,0.00000,0.00000
58.66000,1.02194,0.00000,1.00000,0.00000,0.00000,0.00000
58.80000,1.02194,0.00000,1.00000,0.00000,0.00000,0.00000
58.94000,1.02194,0.00000,1.00000,0.00000,0.00000,0.00000
