Time (seconds), Duration (seconds),pred_unlabelled,pred_broken,pred_good,pred_heavyload,pred_other
0.00000,1.02194,0.00000,0.00000,0.00000,0.00000,1.00000
0.14000,1.02194,0.00000,0.00000,0.00000,0.00000,1.00000
0.28000,1.02194,0.00000,0.00000,0.00000,0.00000,1.00000
0.42000,1.02194,0.00000,0.00000,0.00000,0.00000,1.00000
0.56000,1.02194,0.00000,0.00000,0.00000,0.00000,1.00000
0.70000,1.02194,0.00000,0.00000,0.00000,0.00000,1.00000
0.84000,1.02194,0.00000,0.00000,0.00000,0.00000,1.00000
0.98000,1.02194,0.00000,0.00000,0.00000,0.00000,1.00000
1.12000,1.02194,0.00000,0.00000,0.00000,0.00000,1.00000
1.26000,1.02194,0.00000,0.00000,0.00000,0.00000,1.00000
1.40000,1.02194,0.00000,0.00000,0.00000,0.00000,1.00000
1.54000,1.02194,0.00000,0.00000,0.00000,0.00000,1.00000
1.68000,1.02194,0.00000,0.00000,0.00000,0.00000,1.00000
1.82000,1.02194,0.00000,0.00000,0.00000,0.00000,1.00000
1.96000,1.02194,0.00000,0.00000,0.00000,0.00000,1.00000
2.10000,1.02194,0.00000,0.00000,0.00000,0.00000,1.00000
2.24000,1.02194,0.00000,0.00000,0.00000,0.00000,1.00000
2.38000,1.02194,0.00000,0.00000,0.00000,0.00000,1.00000
2.52000,1.02194,0.00000,0.00000,0.00000,0.00000,1.00000
2.66000,1.02194,0.00000,0.00000,0.00000,0.00000,1.00000
2.80000,1.02194,0.00000,0.00000,0.00000,0.00000,1.00000
2.94000,1.02194,0.00000,0.00000,0.00000,0.00000,1.00000
3.08000,1.02194,0.00000,0.00000,0.00000,0.00000,1.00000
3.22000,1.02194,0.00000,0.00000,0.00000,0.00000,1.00000
3.36000,1.02194,0.00000,0.00000,0.00000,0.00000,1.00000
3.50000,1.02194,0.00000,0.00000,0.00000,0.00000,1.00000
3.64000,1.02194,0.00000,0.00000,0.00000,0.00000,1.00000
3.78000,1.02194,0.00000,0.00000,0.00000,0.00000,1.00000
3.92000,1.02194,0.00000,0.00000,0.00000,0.00000,1.00000
4.06000,1.02194,0.00000,0.00000,0.00000,0.00000,1.00000
4.20000,1.02194,0.00000,0.00000,0.00000,0.00000,1.00000
4.34000,1.02194,0.00000,0.00000,0.00000,0.00000,1.00000
4.48000,1.02194,0.00000,0.00000,0.00000,0.00000,1.00000
4.62000,1.02194,0.00000,0.00000,0.00000,0.00000,1.00000
4.76000,1.02194,0.00000,0.00000,0.00000,0.00000,1.00000
4.90000,1.02194,0.00000,0.00000,0.00000,0.00000,1.00000
5.04000,1.02194,0.00000,0.00000,0.00000,0.00000,1.00000
5.18000,1.02194,0.00000,0.00000,0.00000,0.00000,1.00000
5.32000,1.02194,0.00000,0.00000,0.00000,0.00000,1.00000
5.46000,1.02194,0.00000,0.00000,0.00000,0.00000,1.00000
5.60000,1.02194,0.00000,0.00000,0.00000,0.00000,1.00000
5.74000,1.02194,0.00000,0.00000,0.00000,0.00000,1.00000
5.88000,1.02194,0.00000,0.00000,0.00000,0.00000,1.00000
6.02000,1.02194,0.00000,0.00000,0.00000,0.00000,1.00000
6.16000,1.02194,0.00000,0.00000,0.00000,0.00000,1.00000
6.30000,1.02194,0.00000,0.00000,0.00000,0.00000,1.00000
6.44000,1.02194,0.00000,0.00000,0.00000,0.00000,1.00000
6.58000,1.02194,0.00000,0.00000,0.00000,0.00000,1.00000
6.72000,1.02194,0.00000,0.00000,0.00000,0.00000,1.00000
6.86000,1.02194,0.00000,0.00000,0.00000,0.00000,1.00000
7.00000,1.02194,0.00000,0.00000,0.00000,0.00000,1.00000
7.14000,1.02194,0.00000,0.00000,0.00000,0.00000,1.00000
7.28000,1.02194,0.00000,0.00000,0.00000,0.00000,1.00000
7.42000,1.02194,0.00000,0.00000,0.00000,0.00000,1.00000
7.56000,1.02194,0.00000,0.00000,0.00000,0.00000,1.00000
7.70000,1.02194,0.00000,0.00000,0.00000,0.00000,1.00000
7.84000,1.02194,0.00000,0.00000,0.00000,0.00000,1.00000
7.98000,1.02194,0.00000,0.00000,0.00000,0.00000,1.00000
8.12000,1.02194,0.00000,0.00000,0.00000,0.00000,1.00000
8.26000,1.02194,0.00000,0.00000,0.00000,0.00000,1.00000
8.40000,1.02194,0.00000,0.00000,0.00000,0.00000,1.00000
8.54000,1.02194,0.00000,0.00000,0.00000,0.00000,1.00000
8.68000,1.02194,0.00000,0.00000,0.00000,0.00000,1.00000
8.82000,1.02194,0.00000,0.00000,0.00000,0.00000,1.00000
8.96000,1.02194,0.00000,0.00000,0.00000,0.00000,1.00000
9.10000,1.02194,0.00000,0.00000,0.00000,0.00000,1.00000
9.24000,1.02194,0.00000,0.00000,0.00000,0.00000,1.00000
9.38000,1.02194,0.00000,0.00000,0.00000,0.00000,1.00000
9.52000,1.02194,0.00000,0.00000,0.00000,0.00000,1.00000
9.66000,1.02194,0.00000,0.00000,0.00000,0.00000,1.00000
9.80000,1.02194,0.00000,0.00000,0.00000,0.00000,1.00000
9.94000,1.02194,0.00000,0.00000,0.00000,0.00000,1.00000
10.08000,1.02194,0.00000,0.00000,0.00000,0.00000,1.00000
10.22000,1.02194,0.00000,0.00000,0.00000,0.00000,1.00000
10.36000,1.02194,0.00000,0.00000,0.00000,0.00000,1.00000
10.50000,1.02194,0.00000,0.00000,0.00000,0.00000,1.00000
10.64000,1.02194,0.00000,0.00000,0.00000,0.00000,1.00000
10.78000,1.02194,0.00000,0.00000,0.00000,0.00000,1.00000
10.92000,1.02194,0.00000,0.00000,0.00000,0.00000,1.00000
11.06000,1.02194,0.00000,0.00000,0.00000,0.00000,1.00000
11.20000,1.02194,0.00000,0.00000,0.00000,0.00000,1.00000
11.34000,1.02194,0.00000,0.00000,0.00000,0.00000,1.00000
11.48000,1.02194,0.00000,0.00000,0.00000,0.00000,1.00000
11.62000,1.02194,0.00000,0.00000,0.00000,0.00000,1.00000
11.76000,1.02194,0.00000,0.00000,0.00000,0.00000,1.00000
11.90000,1.02194,0.00000,0.00000,0.00000,0.00000,1.00000
12.04000,1.02194,0.00000,0.00000,0.00000,0.00000,1.00000
12.18000,1.02194,0.00000,0.00000,0.00000,0.00000,1.00000
12.32000,1.02194,0.00000,0.00000,0.00000,0.00000,1.00000
12.46000,1.02194,0.00000,0.00000,0.00000,0.00000,1.00000
12.60000,1.02194,0.00000,0.00000,0.00000,0.00000,1.00000
12.74000,1.02194,0.00000,0.00000,0.00000,0.00000,1.00000
12.88000,1.02194,0.00000,0.00000,0.00000,0.00000,1.00000
13.02000,1.02194,0.00000,0.00000,0.00000,0.00000,1.00000
13.16000,1.02194,0.00000,0.00000,0.00000,0.00000,1.00000
13.30000,1.02194,0.00000,0.00000,0.00000,0.00000,1.00000
13.44000,1.02194,0.00000,0.00000,0.00000,0.00000,1.00000
13.58000,1.02194,0.00000,0.00000,0.00000,0.00000,1.00000
13.72000,1.02194,0.00000,0.00000,0.00000,0.00000,1.00000
13.86000,1.02194,0.00000,0.00000,0.00000,0.00000,1.00000
14.00000,1.02194,0.00000,0.00000,0.00000,0.00000,1.00000
14.14000,1.02194,0.00000,0.00000,0.00000,0.00000,1.00000
14.28000,1.02194,0.00000,0.00000,0.00000,0.00000,1.00000
14.42000,1.02194,0.00000,0.00000,0.00000,0.00000,1.00000
14.56000,1.02194,0.00000,0.00000,0.00000,0.00000,1.00000
14.70000,1.02194,0.00000,0.00000,0.00000,0.00000,1.00000
14.84000,1.02194,0.00000,0.00000,0.00000,0.00000,1.00000
14.98000,1.02194,0.00000,0.00000,0.00000,0.00000,1.00000
15.12000,1.02194,0.00000,0.00000,0.00000,0.00000,1.00000
15.26000,1.02194,0.00000,0.00000,0.00000,0.00000,1.00000
15.40000,1.02194,0.00000,0.00000,0.00000,0.00000,1.00000
15.54000,1.02194,0.00000,0.00000,0.00000,0.00000,1.00000
15.68000,1.02194,0.00000,0.00000,0.00000,0.00000,1.00000
15.82000,1.02194,0.00000,0.00000,0.00000,0.00000,1.00000
15.96000,1.02194,0.00000,0.00000,0.00000,0.00000,1.00000
16.10000,1.02194,0.00000,0.00000,0.00000,0.00000,1.00000
16.24000,1.02194,0.00000,0.00000,0.00000,0.00000,1.00000
16.38000,1.02194,0.00000,0.00000,0.00000,0.00000,1.00000
16.52000,1.02194,0.00000,0.00000,0.00000,0.00000,1.00000
16.66000,1.02194,0.00000,0.00000,0.00000,0.00000,1.00000
16.80000,1.02194,0.00000,0.00000,0.00000,0.00000,1.00000
16.94000,1.02194,0.00000,0.00000,0.00000,0.00000,1.00000
17.08000,1.02194,0.00000,0.00000,0.00000,0.00000,1.00000
17.22000,1.02194,0.00000,0.00000,0.00000,0.00000,1.00000
17.36000,1.02194,0.00000,0.00000,0.00000,0.00000,1.00000
17.50000,1.02194,0.00000,0.00000,0.00000,0.00000,1.00000
17.64000,1.02194,0.00000,0.00000,0.00000,0.00000,1.00000
17.78000,1.02194,0.00000,0.00000,0.00000,0.00000,1.00000
17.92000,1.02194,0.00000,0.00000,0.00000,0.00000,1.00000
18.06000,1.02194,0.00000,0.00000,0.00000,0.00000,1.00000
18.20000,1.02194,0.00000,0.00000,0.00000,0.00000,1.00000
18.34000,1.02194,0.00000,0.00000,0.00000,0.00000,1.00000
18.48000,1.02194,0.00000,0.00000,0.00000,0.00000,1.00000
18.62000,1.02194,0.00000,0.00000,0.00000,0.00000,1.00000
18.76000,1.02194,0.00000,0.00000,0.00000,0.00000,1.00000
18.90000,1.02194,0.00000,0.00000,0.00000,0.00000,1.00000
19.04000,1.02194,0.00000,0.00000,0.00000,0.00000,1.00000
19.18000,1.02194,0.00000,0.00000,0.00000,0.00000,1.00000
19.32000,1.02194,0.00000,0.00000,0.00000,0.00000,1.00000
19.46000,1.02194,0.00000,0.00000,0.00000,0.00000,1.00000
19.60000,1.02194,0.00000,0.00000,0.00000,0.00000,1.00000
19.74000,1.02194,0.00000,0.00000,0.00000,0.00000,1.00000
19.88000,1.02194,0.00000,0.00000,0.00000,0.00000,1.00000
20.02000,1.02194,0.00000,0.00000,0.00000,0.00000,1.00000
20.16000,1.02194,0.00000,0.00000,0.00000,0.00000,1.00000
20.30000,1.02194,0.00000,0.00000,0.00000,0.00000,1.00000
20.44000,1.02194,0.00000,0.00000,0.00000,0.00000,1.00000
20.58000,1.02194,0.00000,0.00000,0.00000,0.00000,1.00000
20.72000,1.02194,0.00000,0.00000,0.00000,0.00000,1.00000
20.86000,1.02194,0.00000,0.00000,0.00000,0.00000,1.00000
21.00000,1.02194,0.00000,0.00000,0.00000,0.00000,1.00000
21.14000,1.02194,0.00000,0.00000,0.00000,0.00000,1.00000
21.28000,1.02194,0.00000,0.00000,0.00000,0.00000,1.00000
21.42000,1.02194,0.00000,0.00000,0.00000,0.00000,1.00000
21.56000,1.02194,0.00000,0.00000,0.00000,0.00000,1.00000
21.70000,1.02194,0.00000,0.00000,0.00000,0.00000,1.00000
21.84000,1.02194,0.00000,0.00000,0.00000,0.00000,1.00000
21.98000,1.02194,0.00000,0.00000,0.00000,0.00000,1.00000
22.12000,1.02194,0.00000,0.00000,0.00000,0.00000,1.00000
22.26000,1.02194,0.00000,0.00000,0.00000,0.00000,1.00000
22.40000,1.02194,0.00000,0.00000,0.00000,0.00000,1.00000
22.54000,1.02194,0.00000,0.00000,0.00000,0.00000,1.00000
22.68000,1.02194,0.00000,0.00000,0.00000,0.00000,1.00000
22.82000,1.02194,0.00000,0.00000,0.00000,0.00000,1.00000
22.96000,1.02194,0.00000,0.00000,0.00000,0.00000,1.00000
23.10000,1.02194,0.00000,0.00000,0.00000,0.00000,1.00000
23.24000,1.02194,0.00000,0.00000,0.00000,0.00000,1.00000
23.38000,1.02194,0.00000,0.00000,0.00000,0.00000,1.00000
23.52000,1.02194,0.00000,0.00000,0.00000,0.00000,1.00000
23.66000,1.02194,0.00000,0.00000,0.00000,0.00000,1.00000
23.80000,1.02194,0.00000,0.00000,0.00000,0.00000,1.00000
23.94000,1.02194,0.00000,0.00000,0.00000,0.00000,1.00000
24.08000,1.02194,0.00000,0.00000,0.00000,0.00000,1.00000
24.22000,1.02194,0.00000,0.00000,0.00000,0.00000,1.00000
24.36000,1.02194,0.00000,0.00000,0.00000,0.00000,1.00000
24.50000,1.02194,0.00000,0.00000,0.00000,0.00000,1.00000
24.64000,1.02194,0.00000,0.00000,0.00000,0.00000,1.00000
24.78000,1.02194,0.00000,0.00000,0.00000,0.00000,1.00000
24.92000,1.02194,0.00000,0.00000,0.00000,0.00000,1.00000
25.06000,1.02194,0.00000,0.00000,0.00000,0.00000,1.00000
25.20000,1.02194,0.00000,0.00000,0.00000,0.00000,1.00000
25.34000,1.02194,0.00000,0.00000,0.00000,0.00000,1.00000
25.48000,1.02194,0.00000,0.00000,0.00000,0.00000,1.00000
25.62000,1.02194,0.00000,0.00000,0.00000,0.00000,1.00000
25.76000,1.02194,0.00000,0.00000,0.00000,0.00000,1.00000
25.90000,1.02194,0.00000,0.00000,0.00000,0.00000,1.00000
26.04000,1.02194,0.00000,0.00000,0.00000,0.00000,1.00000
26.18000,1.02194,0.00000,0.00000,0.00000,0.00000,1.00000
26.32000,1.02194,0.00000,0.00000,0.00000,0.00000,1.00000
26.46000,1.02194,0.00000,0.00000,0.00000,0.00000,1.00000
26.60000,1.02194,0.00000,0.00000,0.00000,0.00000,1.00000
26.74000,1.02194,0.00000,0.00000,0.00000,0.00000,1.00000
26.88000,1.02194,0.00000,0.00000,0.00000,0.00000,1.00000
27.02000,1.02194,0.00000,0.00000,0.00000,0.00000,1.00000
27.16000,1.02194,0.00000,0.00000,0.00000,0.00000,1.00000
27.30000,1.02194,0.00000,0.00000,0.00000,0.00000,1.00000
27.44000,1.02194,0.00000,0.00000,0.00000,0.00000,1.00000
27.58000,1.02194,0.00000,0.00000,0.00000,0.00000,1.00000
27.72000,1.02194,0.00000,0.00000,0.00000,0.00000,1.00000
27.86000,1.02194,0.00000,0.00000,0.00000,0.00000,1.00000
28.00000,1.02194,0.00000,0.00000,0.00000,0.00000,1.00000
28.14000,1.02194,0.00000,0.00000,0.00000,0.00000,1.00000
28.28000,1.02194,0.00000,0.00000,0.00000,0.00000,1.00000
28.42000,1.02194,0.00000,0.00000,0.00000,0.00000,1.00000
28.56000,1.02194,0.00000,0.00000,0.00000,0.00000,1.00000
28.70000,1.02194,0.00000,0.00000,0.00000,0.00000,1.00000
28.84000,1.02194,0.00000,0.00000,0.00000,0.00000,1.00000
28.98000,1.02194,0.00000,0.00000,0.00000,0.00000,1.00000
29.12000,1.02194,0.00000,0.00000,0.00000,0.00000,1.00000
29.26000,1.02194,0.00000,0.00000,0.00000,0.00000,1.00000
29.40000,1.02194,0.00000,0.00000,0.00000,0.00000,1.00000
29.54000,1.02194,0.00000,0.00000,0.00000,0.00000,1.00000
29.68000,1.02194,0.00000,0.00000,0.00000,0.00000,1.00000
29.82000,1.02194,0.00000,0.00000,0.00000,0.00000,1.00000
29.96000,1.02194,0.00000,0.00000,0.00000,0.00000,1.00000
30.10000,1.02194,0.00000,0.00000,0.00000,0.00000,1.00000
30.24000,1.02194,0.00000,0.00000,0.00000,0.00000,1.00000
30.38000,1.02194,0.00000,0.00000,0.00000,0.00000,1.00000
30.52000,1.02194,0.00000,0.00000,0.00000,0.00000,1.00000
30.66000,1.02194,0.00000,0.00000,0.00000,0.00000,1.00000
30.80000,1.02194,0.00000,0.00000,0.00000,0.00000,1.00000
30.94000,1.02194,0.00000,0.00000,0.00000,0.00000,1.00000
31.08000,1.02194,0.00000,0.00000,0.00000,0.00000,1.00000
31.22000,1.02194,0.00000,0.00000,0.00000,0.00000,1.00000
31.36000,1.02194,0.00000,0.00000,0.00000,0.00000,1.00000
31.50000,1.02194,0.00000,0.00000,0.00000,0.00000,1.00000
31.64000,1.02194,0.00000,0.00000,0.00000,0.00000,1.00000
31.78000,1.02194,0.00000,0.00000,0.00000,0.00000,1.00000
31.92000,1.02194,0.00000,0.00000,0.00000,0.00000,1.00000
32.06000,1.02193,0.00000,0.00000,0.00000,0.00000,1.00000
32.20000,1.02194,0.00000,0.00000,0.00000,0.00000,1.00000
32.34000,1.02194,0.00000,0.00000,0.00000,0.00000,1.00000
32.48000,1.02194,0.00000,0.00000,0.00000,0.00000,1.00000
32.62000,1.02194,0.00000,0.00000,0.00000,0.00000,1.00000
32.76000,1.02194,0.00000,0.00000,0.00000,0.00000,1.00000
32.90000,1.02193,0.00000,0.00000,0.00000,0.00000,1.00000
33.04000,1.02194,0.00000,0.00000,0.00000,0.00000,1.00000
33.18000,1.02194,0.00000,0.00000,0.00000,0.00000,1.00000
33.32000,1.02194,0.00000,0.00000,0.00000,0.00000,1.00000
33.46000,1.02194,0.00000,0.00000,0.00000,0.00000,1.00000
33.60000,1.02194,0.00000,0.00000,0.00000,0.00000,1.00000
33.74000,1.02193,0.00000,0.00000,0.00000,0.00000,1.00000
33.88000,1.02194,0.00000,0.00000,0.00000,0.00000,1.00000
34.02000,1.02194,0.00000,0.00000,0.00000,0.00000,1.00000
34.16000,1.02194,0.00000,0.00000,0.00000,0.00000,1.00000
34.30000,1.02194,0.00000,0.00000,0.00000,0.00000,1.00000
34.44000,1.02194,0.00000,0.00000,0.00000,0.00000,1.00000
34.58000,1.02193,0.00000,0.00000,0.00000,0.00000,1.00000
34.72000,1.02193,0.00000,0.00000,0.00000,0.00000,1.00000
34.86000,1.02194,0.00000,0.00000,0.00000,0.00000,1.00000
35.00000,1.02194,0.00000,0.00000,0.00000,0.00000,1.00000
35.14000,1.02194,0.00000,0.00000,0.00000,0.00000,1.00000
35.28000,1.02194,0.00000,0.00000,0.00000,0.00000,1.00000
35.42000,1.02194,0.00000,0.00000,0.00000,0.00000,1.00000
35.56000,1.02193,0.00000,0.00000,0.00000,0.00000,1.00000
35.70000,1.02194,0.00000,0.00000,0.00000,0.00000,1.00000
35.84000,1.02194,0.00000,0.00000,0.00000,0.00000,1.00000
35.98000,1.02194,0.00000,0.00000,0.00000,0.00000,1.00000
36.12000,1.02194,0.00000,0.00000,0.00000,0.00000,1.00000
36.26000,1.02194,0.00000,0.00000,0.00000,0.00000,1.00000
36.40000,1.02193,0.00000,0.00000,0.00000,0.00000,1.00000
36.54000,1.02194,0.00000,0.00000,0.00000,0.00000,1.00000
36.68000,1.02194,0.00000,0.00000,0.00000,0.00000,1.00000
36.82000,1.02194,0.00000,0.00000,0.00000,0.00000,1.00000
36.96000,1.02194,0.00000,0.00000,0.00000,0.00000,1.00000
37.10000,1.02194,0.00000,0.00000,0.00000,0.00000,1.00000
37.24000,1.02193,0.00000,0.00000,0.00000,0.00000,1.00000
37.38000,1.02194,0.00000,0.00000,0.00000,0.00000,1.00000
37.52000,1.02194,0.00000,0.00000,0.00000,0.00000,1.00000
37.66000,1.02194,0.00000,0.00000,0.00000,0.00000,1.00000
37.80000,1.02194,0.00000,0.00000,0.00000,0.00000,1.00000
37.94000,1.02194,0.00000,0.00000,0.00000,0.00000,1.00000
38.08000,1.02193,0.00000,0.00000,0.00000,0.00000,1.00000
38.22000,1.02193,0.00000,0.00000,0.00000,0.00000,1.00000
38.36000,1.02194,0.00000,0.00000,0.00000,0.00000,1.00000
38.50000,1.02194,0.00000,0.00000,0.00000,0.00000,1.00000
38.64000,1.02194,0.00000,0.00000,0.00000,0.00000,1.00000
38.78000,1.02194,0.00000,0.00000,0.00000,0.00000,1.00000
38.92000,1.02194,0.00000,0.00000,0.00000,0.00000,1.00000
39.06000,1.02193,0.00000,0.00000,0.00000,0.00000,1.00000
39.20000,1.02194,0.00000,0.00000,0.00000,0.00000,1.00000
39.34000,1.02194,0.00000,0.00000,0.00000,0.00000,1.00000
39.48000,1.02194,0.00000,0.00000,0.00000,0.00000,1.00000
39.62000,1.02194,0.00000,0.00000,0.00000,0.00000,1.00000
39.76000,1.02194,0.00000,0.00000,0.00000,0.00000,1.00000
39.90000,1.02193,0.00000,0.00000,0.00000,0.00000,1.00000
40.04000,1.02194,0.00000,0.00000,0.00000,0.00000,1.00000
40.18000,1.02194,0.00000,0.00000,0.00000,0.00000,1.00000
40.32000,1.02194,0.00000,0.00000,0.00000,0.00000,1.00000
40.46000,1.02194,0.00000,0.00000,0.00000,0.00000,1.00000
40.60000,1.02194,0.00000,0.00000,0.00000,0.00000,1.00000
40.74000,1.02193,0.00000,0.00000,0.00000,0.00000,1.00000
40.88000,1.02194,0.00000,0.00000,0.00000,0.00000,1.00000
41.02000,1.02194,0.00000,0.00000,0.00000,0.00000,1.00000
41.16000,1.02194,0.00000,0.00000,0.00000,0.00000,1.00000
41.30000,1.02194,0.00000,0.00000,0.00000,0.00000,1.00000
41.44000,1.02194,0.00000,0.00000,0.00000,0.00000,1.00000
41.58000,1.02193,0.00000,0.00000,0.00000,0.00000,1.00000
41.72000,1.02193,0.00000,0.00000,0.00000,0.00000,1.00000
41.86000,1.02194,0.00000,0.00000,0.00000,0.00000,1.00000
42.00000,1.02194,0.00000,0.00000,0.00000,0.00000,1.00000
42.14000,1.02194,0.00000,0.00000,0.00000,0.00000,1.00000
42.28000,1.02194,0.00000,0.00000,0.00000,0.00000,1.00000
42.42000,1.02194,0.00000,0.00000,0.00000,0.00000,1.00000
42.56000,1.02193,0.00000,0.00000,0.00000,0.00000,1.00000
42.70000,1.02194,0.00000,0.00000,0.00000,0.00000,1.00000
42.84000,1.02194,0.00000,0.00000,0.00000,0.00000,1.00000
42.98000,1.02194,0.00000,0.00000,0.00000,0.00000,1.00000
43.12000,1.02194,0.00000,0.00000,0.00000,0.00000,1.00000
43.26000,1.02194,0.00000,0.00000,0.00000,0.00000,1.00000
43.40000,1.02193,0.00000,0.00000,0.00000,0.00000,1.00000
43.54000,1.02194,0.00000,0.00000,0.00000,0.00000,1.00000
43.68000,1.02194,0.00000,0.00000,0.00000,0.00000,1.00000
43.82000,1.02194,0.00000,0.00000,0.00000,0.00000,1.00000
43.96000,1.02194,0.00000,0.00000,0.00000,0.00000,1.00000
44.10000,1.02194,0.00000,0.00000,0.00000,0.00000,1.00000
44.24000,1.02193,0.00000,0.00000,0.00000,0.00000,1.00000
44.38000,1.02194,0.00000,0.00000,0.00000,0.00000,1.00000
44.52000,1.02194,0.00000,0.00000,0.00000,0.00000,1.00000
44.66000,1.02194,0.00000,0.00000,0.00000,0.00000,1.00000
44.80000,1.02194,0.00000,0.00000,0.00000,0.00000,1.00000
44.94000,1.02194,0.00000,0.00000,0.00000,0.00000,1.00000
45.08000,1.02193,0.00000,0.00000,0.00000,0.00000,1.00000
45.22000,1.02193,0.00000,0.00000,0.00000,0.00000,1.00000
45.36000,1.02194,0.00000,0.00000,0.00000,0.00000,1.00000
45.50000,1.02194,0.00000,0.00000,0.00000,0.00000,1.00000
45.64000,1.02194,0.00000,0.00000,0.00000,0.00000,1.00000
45.78000,1.02194,0.00000,0.00000,0.00000,0.00000,1.00000
45.92000,1.02194,0.00000,0.00000,0.00000,0.00000,1.00000
46.06000,1.02193,0.00000,0.00000,0.00000,0.00000,1.00000
46.20000,1.02194,0.00000,0.00000,0.00000,0.00000,1.00000
46.34000,1.02194,0.00000,0.00000,0.00000,0.00000,1.00000
46.48000,1.02194,0.00000,0.00000,0.00000,0.00000,1.00000
46.62000,1.02194,0.00000,0.00000,0.00000,0.00000,1.00000
46.76000,1.02194,0.00000,0.00000,0.00000,0.00000,1.00000
46.90000,1.02193,0.00000,0.00000,0.00000,0.00000,1.00000
47.04000,1.02194,0.00000,0.00000,0.00000,0.00000,1.00000
47.18000,1.02194,0.00000,0.00000,0.00000,0.00000,1.00000
47.32000,1.02194,0.00000,0.00000,0.00000,0.00000,1.00000
47.46000,1.02194,0.00000,0.00000,0.00000,0.00000,1.00000
47.60000,1.02194,0.00000,0.00000,0.00000,0.00000,1.00000
47.74000,1.02193,0.00000,0.00000,0.00000,0.00000,1.00000
47.88000,1.02194,0.00000,0.00000,0.00000,0.00000,1.00000
48.02000,1.02194,0.00000,0.00000,0.00000,0.00000,1.00000
48.16000,1.02194,0.00000,0.00000,0.00000,0.00000,1.00000
48.30000,1.02194,0.00000,0.00000,0.00000,0.00000,1.00000
48.44000,1.02194,0.00000,0.00000,0.00000,0.00000,1.00000
48.58000,1.02193,0.00000,0.00000,0.00000,0.00000,1.00000
48.72000,1.02193,0.00000,0.00000,0.00000,0.00000,1.00000
48.86000,1.02194,0.00000,0.00000,0.00000,0.00000,1.00000
49.00000,1.02194,0.00000,0.00000,0.00000,0.00000,1.00000
49.14000,1.02194,0.00000,0.00000,0.00000,0.00000,1.00000
49.28000,1.02194,0.00000,0.00000,0.00000,0.00000,1.00000
49.42000,1.02194,0.00000,0.00000,0.00000,0.00000,1.00000
49.56000,1.02193,0.00000,0.00000,0.00000,0.00000,1.00000
49.70000,1.02194,0.00000,0.00000,0.00000,0.00000,1.00000
49.84000,1.02194,0.00000,0.00000,0.00000,0.00000,1.00000
49.98000,1.02194,0.00000,0.00000,0.00000,0.00000,1.00000
50.12000,1.02194,0.00000,0.00000,0.00000,0.00000,1.00000
50.26000,1.02194,0.00000,0.00000,0.00000,0.00000,1.00000
50.40000,1.02193,0.00000,0.00000,0.00000,0.00000,1.00000
50.54000,1.02194,0.00000,0.00000,0.00000,0.00000,1.00000
50.68000,1.02194,0.00000,0.00000,0.00000,0.00000,1.00000
50.82000,1.02194,0.00000,0.00000,0.00000,0.00000,1.00000
50.96000,1.02194,0.00000,0.00000,0.00000,0.00000,1.00000
51.10000,1.02194,0.00000,0.00000,0.00000,0.00000,1.00000
51.24000,1.02193,0.00000,0.00000,0.00000,0.00000,1.00000
51.38000,1.02194,0.00000,0.00000,0.00000,0.00000,1.00000
51.52000,1.02194,0.00000,0.00000,0.00000,0.00000,1.00000
51.66000,1.02194,0.00000,0.00000,0.00000,0.00000,1.00000
51.80000,1.02194,0.00000,0.00000,0.00000,0.00000,1.00000
51.94000,1.02194,0.00000,0.00000,0.00000,0.00000,1.00000
52.08000,1.02193,0.00000,0.00000,0.00000,0.00000,1.00000
52.22000,1.02193,0.00000,0.00000,0.00000,0.00000,1.00000
52.36000,1.02194,0.00000,0.00000,0.00000,0.00000,1.00000
52.50000,1.02194,0.00000,0.00000,0.00000,0.00000,1.00000
52.64000,1.02194,0.00000,0.00000,0.00000,0.00000,1.00000
52.78000,1.02194,0.00000,0.00000,0.00000,0.00000,1.00000
52.92000,1.02194,0.00000,0.00000,0.00000,0.00000,1.00000
53.06000,1.02193,0.00000,0.00000,0.00000,0.00000,1.00000
53.20000,1.02194,0.00000,0.00000,0.00000,0.00000,1.00000
53.34000,1.02194,0.00000,0.00000,0.00000,0.00000,1.00000
53.48000,1.02194,0.00000,0.00000,0.00000,0.00000,1.00000
53.62000,1.02194,0.00000,0.00000,0.00000,0.00000,1.00000
53.76000,1.02194,0.00000,0.00000,0.00000,0.00000,1.00000
53.90000,1.02193,0.00000,0.00000,0.00000,0.00000,1.00000
54.04000,1.02194,0.00000,0.00000,0.00000,0.00000,1.00000
54.18000,1.02194,0.00000,0.00000,0.00000,0.00000,1.00000
54.32000,1.02194,0.00000,0.00000,0.00000,0.00000,1.00000
54.46000,1.02194,0.00000,0.00000,0.00000,0.00000,1.00000
54.60000,1.02194,0.00000,0.00000,0.00000,0.00000,1.00000
54.74000,1.02193,0.00000,0.00000,0.00000,0.00000,1.00000
54.88000,1.02194,0.00000,0.00000,0.00000,0.00000,1.00000
55.02000,1.02194,0.00000,0.00000,0.00000,0.00000,1.00000
55.16000,1.02194,0.00000,0.00000,0.00000,0.00000,1.00000
55.30000,1.02194,0.00000,0.00000,0.00000,0.00000,1.00000
55.44000,1.02194,0.00000,0.00000,0.00000,0.00000,1.00000
55.58000,1.02193,0.00000,0.00000,0.00000,0.00000,1.00000
55.72000,1.02193,0.00000,0.00000,0.00000,0.00000,1.00000
55.86000,1.02194,0.00000,0.00000,0.00000,0.00000,1.00000
56.00000,1.02194,0.00000,0.00000,0.00000,0.00000,1.00000
56.14000,1.02194,0.00000,0.00000,0.00000,0.00000,1.00000
56.28000,1.02194,0.00000,0.00000,0.00000,0.00000,1.00000
56.42000,1.02194,0.00000,0.00000,0.00000,0.00000,1.00000
56.56000,1.02193,0.00000,0.00000,0.00000,0.00000,1.00000
56.70000,1.02194,0.00000,0.00000,0.00000,0.00000,1.00000
56.84000,1.02194,0.00000,0.00000,0.00000,0.00000,1.00000
56.98000,1.02194,0.00000,0.00000,0.00000,0.00000,1.00000
57.12000,1.02194,0.00000,0.00000,0.00000,0.00000,1.00000
57.26000,1.02194,0.00000,0.00000,0.00000,0.00000,1.00000
57.40000,1.02193,0.00000,0.00000,0.00000,0.00000,1.00000
57.54000,1.02194,0.00000,0.00000,0.00000,0.00000,1.00000
57.68000,1.02194,0.00000,0.00000,0.00000,0.00000,1.00000
57.82000,1.02194,0.00000,0.00000,0.00000,0.00000,1.00000
57.96000,1.02194,0.00000,0.00000,0.00000,0.00000,1.00000
58.10000,1.02194,0.00000,0.00000,0.00000,0.00000,1.00000
58.24000,1.02193,0.00000,0.00000,0.00000,0.00000,1.00000
58.38000,1.02194,0.00000,0.00000,0.00000,0.00000,1.00000
58.52000,1.02194,0.00000,0.00000,0.00000,0.00000,1.00000
58.66000,1.02194,0.00000,0.00000,0.00000,0.00000,1.00000
58.80000,1.02194,0.00000,0.00000,0.00000,0.00000,1.00000
58.94000,1.02194,0.00000,0.00000,0.00000,0.00000,1.00000
59.08000,1.02193,0.00000,0.00000,0.00000,0.00000,1.00000
59.22000,1.02193,0.00000,0.00000,0.00000,0.00000,1.00000
59.36000,1.02194,0.00000,0.00000,0.00000,0.00000,1.00000
59.50000,1.02194,0.00000,0.00000,0.00000,0.00000,1.00000
59.64000,1.02194,0.00000,0.00000,0.00000,0.00000,1.00000
59.78000,1.02194,0.00000,0.00000,0.00000,0.00000,1.00000
59.92000,1.02194,0.00000,0.00000,0.00000,0.00000,1.00000
60.06000,1.02193,0.00000,0.00000,0.00000,0.00000,1.00000
60.20000,1.02194,0.00000,0.00000,0.00000,0.00000,1.00000
60.34000,1.02194,0.00000,0.00000,0.00000,0.00000,1.00000
60.48000,1.02194,0.00000,0.00000,0.00000,0.00000,1.00000
60.62000,1.02194,0.00000,0.00000,0.00000,0.00000,1.00000
60.76000,1.02194,0.00000,0.00000,0.00000,0.00000,1.00000
60.90000,1.02193,0.00000,0.00000,0.00000,0.00000,1.00000
61.04000,1.02194,0.00000,0.00000,0.00000,0.00000,1.00000
61.18000,1.02194,0.00000,0.00000,0.00000,0.00000,1.00000
61.32000,1.02194,0.00000,0.00000,0.00000,0.00000,1.00000
61.46000,1.02194,0.00000,0.00000,0.00000,0.00000,1.00000
61.60000,1.02194,0.00000,0.00000,0.00000,0.00000,1.00000
61.74000,1.02193,0.00000,0.00000,0.00000,0.00000,1.00000
61.88000,1.02194,0.00000,0.00000,0.00000,0.00000,1.00000
62.02000,1.02194,0.00000,0.00000,0.00000,0.00000,1.00000
62.16000,1.02194,0.00000,0.00000,0.00000,0.00000,1.00000
62.30000,1.02194,0.00000,0.00000,0.00000,0.00000,1.00000
62.44000,1.02194,0.00000,0.00000,0.00000,0.00000,1.00000
62.58000,1.02193,0.00000,0.00000,0.00000,0.00000,1.00000
62.72000,1.02193,0.00000,0.00000,0.00000,0.00000,1.00000
62.86000,1.02194,0.00000,0.00000,0.00000,0.00000,1.00000
63.00000,1.02193,0.00000,0.00000,0.00000,0.00000,1.00000
63.14000,1.02193,0.00000,0.00000,0.00000,0.00000,1.00000
63.28000,1.02194,0.00000,0.00000,0.00000,0.00000,1.00000
63.42000,1.02194,0.00000,0.00000,0.00000,0.00000,1.00000
63.56000,1.02194,0.00000,0.00000,0.00000,0.00000,1.00000
63.70000,1.02194,0.00000,0.00000,0.00000,0.00000,1.00000
63.84000,1.02194,0.00000,0.00000,0.00000,0.00000,1.00000
63.98000,1.02194,0.00000,0.00000,0.00000,0.00000,1.00000
64.12000,1.02193,0.00000,0.00000,0.00000,0.00000,1.00000
64.26000,1.02193,0.00000,0.00000,0.00000,0.00000,1.00000
64.40000,1.02193,0.00000,0.00000,0.00000,0.00000,1.00000
64.54000,1.02193,0.00000,0.00000,0.00000,0.00000,1.00000
64.68000,1.02193,0.00000,0.00000,0.00000,0.00000,1.00000
64.82000,1.02193,0.00000,0.00000,0.00000,0.00000,1.00000
64.96000,1.02194,0.00000,0.00000,0.00000,0.00000,1.00000
65.10000,1.02194,0.00000,0.00000,0.00000,0.00000,1.00000
65.24000,1.02194,0.00000,0.00000,0.00000,0.00000,1.00000
65.38000,1.02194,0.00000,0.00000,0.00000,0.00000,1.00000
65.52000,1.02194,0.00000,0.00000,0.00000,0.00000,1.00000
65.66000,1.02193,0.00000,0.00000,0.00000,0.00000,1.00000
65.80000,1.02193,0.00000,0.00000,0.00000,0.00000,1.00000
65.94000,1.02193,0.00000,0.00000,0.00000,0.00000,1.00000
66.08000,1.02193,0.00000,0.00000,0.00000,0.00000,1.00000
66.22000,1.02193,0.00000,0.00000,0.00000,0.00000,1.00000
66.36000,1.02193,0.00000,0.00000,0.00000,0.00000,1.00000
66.50000,1.02193,0.00000,0.00000,0.00000,0.00000,1.00000
66.64000,1.02193,0.00000,0.00000,0.00000,0.00000,1.00000
66.78000,1.02194,0.00000,0.00000,0.00000,0.00000,1.00000
66.92000,1.02194,0.00000,0.00000,0.00000,0.00000,1.00000
67.06000,1.02194,0.00000,0.00000,0.00000,0.00000,1.00000
67.20000,1.02194,0.00000,0.00000,0.00000,0.00000,1.00000
67.34000,1.02194,0.00000,0.00000,0.00000,0.00000,1.00000
67.48000,1.02193,0.00000,0.00000,0.00000,0.00000,1.00000
67.62000,1.02193,0.00000,0.00000,0.00000,0.00000,1.00000
67.76000,1.02193,0.00000,0.00000,0.00000,0.00000,1.00000
67.90000,1.02193,0.00000,0.00000,0.00000,0.00000,1.00000
68.04000,1.02193,0.00000,0.00000,0.00000,0.00000,1.00000
68.18000,1.02193,0.00000,0.00000,0.00000,0.00000,1.00000
68.32000,1.02193,0.00000,0.00000,0.00000,0.00000,1.00000
68.46000,1.02194,0.00000,0.00000,0.00000,0.00000,1.00000
68.60000,1.02194,0.00000,0.00000,0.00000,0.00000,1.00000
68.74000,1.02194,0.00000,0.00000,0.00000,0.00000,1.00000
68.88000,1.02194,0.00000,0.00000,0.00000,0.00000,1.00000
69.02000,1.02194,0.00000,0.00000,0.00000,0.00000,1.00000
69.16000,1.02193,0.00000,0.00000,0.00000,0.00000,1.00000
69.30000,1.02193,0.00000,0.00000,0.00000,0.00000,1.00000
69.44000,1.02193,0.00000,0.00000,0.00000,0.00000,1.00000
69.58000,1.02193,0.00000,0.00000,0.00000,0.00000,1.00000
69.72000,1.02193,0.00000,0.00000,0.00000,0.00000,1.00000
69.86000,1.02193,0.00000,0.00000,0.00000,0.00000,1.00000
70.00000,1.02193,0.00000,0.00000,0.00000,0.00000,1.00000
70.14000,1.02193,0.00000,0.00000,0.00000,0.00000,1.00000
70.28000,1.02194,0.00000,0.00000,0.00000,0.00000,1.00000
70.42000,1.02194,0.00000,0.00000,0.00000,0.00000,1.00000
70.56000,1.02194,0.00000,0.00000,0.00000,0.00000,1.00000
70.70000,1.02194,0.00000,0.00000,0.00000,0.00000,1.00000
70.84000,1.02194,0.00000,0.00000,0.00000,0.00000,1.00000
70.98000,1.02193,0.00000,0.00000,0.00000,0.00000,1.00000
71.12000,1.02193,0.00000,0.00000,0.00000,0.00000,1.00000
71.26000,1.02193,0.00000,0.00000,0.00000,0.00000,1.00000
71.40000,1.02193,0.00000,0.00000,0.00000,0.00000,1.00000
71.54000,1.02193,0.00000,0.00000,0.00000,0.00000,1.00000
71.68000,1.02193,0.00000,0.00000,0.00000,0.00000,1.00000
71.82000,1.02193,0.00000,0.00000,0.00000,0.00000,1.00000
71.96000,1.02194,0.00000,0.00000,0.00000,0.00000,1.00000
72.10000,1.02194,0.00000,0.00000,0.00000,0.00000,1.00000
72.24000,1.02194,0.00000,0.00000,0.00000,0.00000,1.00000
72.38000,1.02194,0.00000,0.00000,0.00000,0.00000,1.00000
72.52000,1.02194,0.00000,0.00000,0.00000,0.00000,1.00000
72.66000,1.02193,0.00000,0.00000,0.00000,0.00000,1.00000
72.80000,1.02193,0.00000,0.00000,0.00000,0.00000,1.00000
72.94000,1.02193,0.00000,0.00000,0.00000,0.00000,1.00000
73.08000,1.02193,0.00000,0.00000,0.00000,0.00000,1.00000
73.22000,1.02193,0.00000,0.00000,0.00000,0.00000,1.00000
73.36000,1.02193,0.00000,0.00000,0.00000,0.00000,1.00000
73.50000,1.02193,0.00000,0.00000,0.00000,0.00000,1.00000
73.64000,1.02193,0.00000,0.00000,0.00000,0.00000,1.00000
73.78000,1.02194,0.00000,0.00000,0.00000,0.00000,1.00000
73.92000,1.02194,0.00000,0.00000,0.00000,0.00000,1.00000
74.06000,1.02194,0.00000,0.00000,0.00000,0.00000,1.00000
74.20000,1.02194,0.00000,0.00000,0.00000,0.00000,1.00000
74.34000,1.02194,0.00000,0.00000,0.00000,0.00000,1.00000
74.48000,1.02193,0.00000,0.00000,0.00000,0.00000,1.00000
74.62000,1.02193,0.00000,0.00000,0.00000,0.00000,1.00000
74.76000,1.02193,0.00000,0.00000,0.00000,0.00000,1.00000
74.90000,1.02193,0.00000,0.00000,0.00000,0.00000,1.00000
75.04000,1.02193,0.00000,0.00000,0.00000,0.00000,1.00000
75.18000,1.02193,0.00000,0.00000,0.00000,0.00000,1.00000
75.32000,1.02193,0.00000,0.00000,0.00000,0.00000,1.00000
75.46000,1.02194,0.00000,0.00000,0.00000,0.00000,1.00000
75.60000,1.02194,0.00000,0.00000,0.00000,0.00000,1.00000
75.74000,1.02194,0.00000,0.00000,0.00000,0.00000,1.00000
75.88000,1.02194,0.00000,0.00000,0.00000,0.00000,1.00000
76.02000,1.02194,0.00000,0.00000,0.00000,0.00000,1.00000
76.16000,1.02193,0.00000,0.00000,0.00000,0.00000,1.00000
76.30000,1.02193,0.00000,0.00000,0.00000,0.00000,1.00000
76.44000,1.02193,0.00000,0.00000,0.00000,0.00000,1.00000
76.58000,1.02193,0.00000,0.00000,0.00000,0.00000,1.00000
76.72000,1.02193,0.00000,0.00000,0.00000,0.00000,1.00000
76.86000,1.02193,0.00000,0.00000,0.00000,0.00000,1.00000
77.00000,1.02193,0.00000,0.00000,0.00000,0.00000,1.00000
77.14000,1.02193,0.00000,0.00000,0.00000,0.00000,1.00000
77.28000,1.02194,0.00000,0.00000,0.00000,0.00000,1.00000
77.42000,1.02194,0.00000,0.00000,0.00000,0.00000,1.00000
77.56000,1.02194,0.00000,0.00000,0.00000,0.00000,1.00000
77.70000,1.02194,0.00000,0.00000,0.00000,0.00000,1.00000
77.84000,1.02194,0.00000,0.00000,0.00000,0.00000,1.00000
77.98000,1.02193,0.00000,0.00000,0.00000,0.00000,1.00000
78.12000,1.02193,0.00000,0.00000,0.00000,0.00000,1.00000
78.26000,1.02193,0.00000,0.00000,0.00000,0.00000,1.00000
78.40000,1.02193,0.00000,0.00000,0.00000,0.00000,1.00000
78.54000,1.02193,0.00000,0.00000,0.00000,0.00000,1.00000
78.68000,1.02193,0.00000,0.00000,0.00000,0.00000,1.00000
78.82000,1.02193,0.00000,0.00000,0.00000,0.00000,1.00000
78.96000,1.02194,0.00000,0.00000,0.00000,0.00000,1.00000
79.10000,1.02194,0.00000,0.00000,0.00000,0.00000,1.00000
79.24000,1.02194,0.00000,0.00000,0.00000,0.00000,1.00000
79.38000,1.02194,0.00000,0.00000,0.00000,0.00000,1.00000
79.52000,1.02194,0.00000,0.00000,0.00000,0.00000,1.00000
79.66000,1.02193,0.00000,0.00000,0.00000,0.00000,1.00000
79.80000,1.02193,0.00000,0.00000,0.00000,0.00000,1.00000
79.94000,1.02193,0.00000,0.00000,0.00000,0.00000,1.00000
80.08000,1.02193,0.00000,0.00000,0.00000,0.00000,1.00000
80.22000,1.02193,0.00000,0.00000,0.00000,0.00000,1.00000
80.36000,1.02193,0.00000,0.00000,0.00000,0.00000,1.00000
80.50000,1.02193,0.00000,0.00000,0.00000,0.00000,1.00000
80.64000,1.02193,0.00000,0.00000,0.00000,0.00000,1.00000
80.78000,1.02194,0.00000,0.00000,0.00000,0.00000,1.00000
80.92000,1.02194,0.00000,0.00000,0.00000,0.00000,1.00000
81.06000,1.02194,0.00000,0.00000,0.00000,0.00000,1.00000
81.20000,1.02194,0.00000,0.00000,0.00000,0.00000,1.00000
81.34000,1.02194,0.00000,0.00000,0.00000,0.00000,1.00000
81.48000,1.02193,0.00000,0.00000,0.00000,0.00000,1.00000
81.62000,1.02193,0.00000,0.00000,0.00000,0.00000,1.00000
81.76000,1.02193,0.00000,0.00000,0.00000,0.00000,1.00000
81.90000,1.02193,0.00000,0.00000,0.00000,0.00000,1.00000
82.04000,1.02193,0.00000,0.00000,0.00000,0.00000,1.00000
82.18000,1.02193,0.00000,0.00000,0.00000,0.00000,1.00000
82.32000,1.02193,0.00000,0.00000,0.00000,0.00000,1.00000
82.46000,1.02194,0.00000,0.00000,0.00000,0.00000,1.00000
82.60000,1.02194,0.00000,0.00000,0.00000,0.00000,1.00000
82.74000,1.02194,0.00000,0.00000,0.00000,0.00000,1.00000
82.88000,1.02194,0.00000,0.00000,0.00000,0.00000,1.00000
83.02000,1.02194,0.00000,0.00000,0.00000,0.00000,1.00000
83.16000,1.02193,0.00000,0.00000,0.00000,0.00000,1.00000
83.30000,1.02193,0.00000,0.00000,0.00000,0.00000,1.00000
83.44000,1.02193,0.00000,0.00000,0.00000,0.00000,1.00000
83.58000,1.02193,0.00000,0.00000,0.00000,0.00000,1.00000
83.72000,1.02193,0.00000,0.00000,0.00000,0.00000,1.00000
83.86000,1.02193,0.00000,0.00000,0.00000,0.00000,1.00000
84.00000,1.02193,0.00000,0.00000,0.00000,0.00000,1.00000
84.14000,1.02193,0.00000,0.00000,0.00000,0.00000,1.00000
84.28000,1.02194,0.00000,0.00000,0.00000,0.00000,1.00000
84.42000,1.02194,0.00000,0.00000,0.00000,0.00000,1.00000
84.56000,1.02194,0.00000,0.00000,0.00000,0.00000,1.00000
84.70000,1.02194,0.00000,0.00000,0.00000,0.00000,1.00000
84.84000,1.02194,0.00000,0.00000,0.00000,0.00000,1.00000
84.98000,1.02193,0.00000,0.00000,0.00000,0.00000,1.00000
85.12000,1.02193,0.00000,0.00000,0.00000,0.00000,1.00000
85.26000,1.02193,0.00000,0.00000,0.00000,0.00000,1.00000
85.40000,1.02193,0.00000,0.00000,0.00000,0.00000,1.00000
85.54000,1.02193,0.00000,0.00000,0.00000,0.00000,1.00000
85.68000,1.02193,0.00000,0.00000,0.00000,0.00000,1.00000
85.82000,1.02193,0.00000,0.00000,0.00000,0.00000,1.00000
85.96000,1.02194,0.00000,0.00000,0.00000,0.00000,1.00000
86.10000,1.02194,0.00000,0.00000,0.00000,0.00000,1.00000
86.24000,1.02194,0.00000,0.00000,0.00000,0.00000,1.00000
86.38000,1.02194,0.00000,0.00000,0.00000,0.00000,1.00000
86.52000,1.02194,0.00000,0.00000,0.00000,0.00000,1.00000
86.66000,1.02193,0.00000,0.00000,0.00000,0.00000,1.00000
86.80000,1.02193,0.00000,0.00000,0.00000,0.00000,1.00000
86.94000,1.02193,0.00000,0.00000,0.00000,0.00000,1.00000
87.08000,1.02193,0.00000,0.00000,0.00000,0.00000,1.00000
87.22000,1.02193,0.00000,0.00000,0.00000,0.00000,1.00000
87.36000,1.02193,0.00000,0.00000,0.00000,0.00000,1.00000
87.50000,1.02193,0.00000,0.00000,0.00000,0.00000,1.00000
87.64000,1.02193,0.00000,0.00000,0.00000,0.00000,1.00000
87.78000,1.02194,0.00000,0.00000,0.00000,0.00000,1.00000
87.92000,1.02194,0.00000,0.00000,0.00000,0.00000,1.00000
88.06000,1.02194,0.00000,0.00000,0.00000,0.00000,1.00000
88.20000,1.02194,0.00000,0.00000,0.00000,0.00000,1.00000
88.34000,1.02194,0.00000,0.00000,0.00000,0.00000,1.00000
88.48000,1.02193,0.00000,0.00000,0.00000,0.00000,1.00000
88.62000,1.02193,0.00000,0.00000,0.00000,0.00000,1.00000
88.76000,1.02193,0.00000,0.00000,0.00000,0.00000,1.00000
88.90000,1.02193,0.00000,0.00000,0.00000,0.00000,1.00000
89.04000,1.02193,0.00000,0.00000,0.00000,0.00000,1.00000
89.18000,1.02193,0.00000,0.00000,0.00000,0.00000,1.00000
89.32000,1.02193,0.00000,0.00000,0.00000,0.00000,1.00000
89.46000,1.02194,0.00000,0.00000,0.00000,0.00000,1.00000
89.60000,1.02194,0.00000,0.00000,0.00000,0.00000,1.00000
89.74000,1.02194,0.00000,0.00000,0.00000,0.00000,1.00000
89.88000,1.02194,0.00000,0.00000,0.00000,0.00000,1.00000
90.02000,1.02194,0.00000,0.00000,0.00000,0.00000,1.00000
90.16000,1.02193,0.00000,0.00000,0.00000,0.00000,1.00000
90.30000,1.02193,0.00000,0.00000,0.00000,0.00000,1.00000
90.44000,1.02193,0.00000,0.00000,0.00000,0.00000,1.00000
90.58000,1.02193,0.00000,0.00000,0.00000,0.00000,1.00000
90.72000,1.02193,0.00000,0.00000,0.00000,0.00000,1.00000
90.86000,1.02193,0.00000,0.00000,0.00000,0.00000,1.00000
91.00000,1.02193,0.00000,0.00000,0.00000,0.00000,1.00000
91.14000,1.02193,0.00000,0.00000,0.00000,0.00000,1.00000
91.28000,1.02194,0.00000,0.00000,0.00000,0.00000,1.00000
91.42000,1.02194,0.00000,0.00000,0.00000,0.00000,1.00000
91.56000,1.02194,0.00000,0.00000,0.00000,0.00000,1.00000
91.70000,1.02194,0.00000,0.00000,0.00000,0.00000,1.00000
91.84000,1.02194,0.00000,0.00000,0.00000,0.00000,1.00000
91.98000,1.02193,0.00000,0.00000,0.00000,0.00000,1.00000
92.12000,1.02193,0.00000,0.00000,0.00000,0.00000,1.00000
92.26000,1.02193,0.00000,0.00000,0.00000,0.00000,1.00000
92.40000,1.02193,0.00000,0.00000,0.00000,0.00000,1.00000
92.54000,1.02193,0.00000,0.00000,0.00000,0.00000,1.00000
92.68000,1.02193,0.00000,0.00000,0.00000,0.00000,1.00000
92.82000,1.02193,0.00000,0.00000,0.00000,0.00000,1.00000
92.96000,1.02194,0.00000,0.00000,0.00000,0.00000,1.00000
93.10000,1.02194,0.00000,0.00000,0.00000,0.00000,1.00000
93.24000,1.02194,0.00000,0.00000,0.00000,0.00000,1.00000
93.38000,1.02194,0.00000,0.00000,0.00000,0.00000,1.00000
93.52000,1.02194,0.00000,0.00000,0.00000,0.00000,1.00000
93.66000,1.02193,0.00000,0.00000,0.00000,0.00000,1.00000
93.80000,1.02193,0.00000,0.00000,0.00000,0.00000,1.00000
93.94000,1.02193,0.00000,0.00000,0.00000,0.00000,1.00000
94.08000,1.02193,0.00000,0.00000,0.00000,0.00000,1.00000
94.22000,1.02193,0.00000,0.00000,0.00000,0.00000,1.00000
94.36000,1.02193,0.00000,0.00000,0.00000,0.00000,1.00000
94.50000,1.02193,0.00000,0.00000,0.00000,0.00000,1.00000
94.64000,1.02193,0.00000,0.00000,0.00000,0.00000,1.00000
94.78000,1.02194,0.00000,0.00000,0.00000,0.00000,1.00000
94.92000,1.02194,0.00000,0.00000,0.00000,0.00000,1.00000
95.06000,1.02194,0.00000,0.00000,0.00000,0.00000,1.00000
95.20000,1.02194,0.00000,0.00000,0.00000,0.00000,1.00000
95.34000,1.02194,0.00000,0.00000,0.00000,0.00000,1.00000
95.48000,1.02193,0.00000,0.00000,0.00000,0.00000,1.00000
95.62000,1.02193,0.00000,0.00000,0.00000,0.00000,1.00000
95.76000,1.02193,0.00000,0.00000,0.00000,0.00000,1.00000
95.90000,1.02193,0.00000,0.00000,0.00000,0.00000,1.00000
96.04000,1.02193,0.00000,0.00000,0.00000,0.00000,1.00000
96.18000,1.02193,0.00000,0.00000,0.00000,0.00000,1.00000
96.32000,1.02193,0.00000,0.00000,0.00000,0.00000,1.00000
96.46000,1.02194,0.00000,0.00000,0.00000,0.00000,1.00000
96.60000,1.02194,0.00000,0.00000,0.00000,0.00000,1.00000
96.74000,1.02194,0.00000,0.00000,0.00000,0.00000,1.00000
96.88000,1.02194,0.00000,0.00000,0.00000,0.00000,1.00000
97.02000,1.02194,0.00000,0.00000,0.00000,0.00000,1.00000
97.16000,1.02193,0.00000,0.00000,0.00000,0.00000,1.00000
97.30000,1.02193,0.00000,0.00000,0.00000,0.00000,1.00000
97.44000,1.02193,0.00000,0.00000,0.00000,0.00000,1.00000
97.58000,1.02193,0.00000,0.00000,0.00000,0.00000,1.00000
97.72000,1.02193,0.00000,0.00000,0.00000,0.00000,1.00000
97.86000,1.02193,0.00000,0.00000,0.00000,0.00000,1.00000
98.00000,1.02193,0.00000,0.00000,0.00000,0.00000,1.00000
98.14000,1.02193,0.00000,0.00000,0.00000,0.00000,1.00000
98.28000,1.02194,0.00000,0.00000,0.00000,0.00000,1.00000
98.42000,1.02194,0.00000,0.00000,0.00000,0.00000,1.00000
98.56000,1.02194,0.00000,0.00000,0.00000,0.00000,1.00000
98.70000,1.02194,0.00000,0.00000,0.00000,0.00000,1.00000
98.84000,1.02194,0.00000,0.00000,0.00000,0.00000,1.00000
98.98000,1.02193,0.00000,0.00000,0.00000,0.00000,1.00000
99.12000,1.02193,0.00000,0.00000,0.00000,0.00000,1.00000
99.26000,1.02193,0.00000,0.00000,0.00000,0.00000,1.00000
99.40000,1.02193,0.00000,0.00000,0.00000,0.00000,1.00000
99.54000,1.02193,0.00000,0.00000,0.00000,0.00000,1.00000
99.68000,1.02193,0.00000,0.00000,0.00000,0.00000,1.00000
99.82000,1.02193,0.00000,0.00000,0.00000,0.00000,1.00000
99.96000,1.02194,0.00000,0.00000,0.00000,0.00000,1.00000
100.10000,1.02194,0.00000,0.00000,0.00000,0.00000,1.00000
100.24000,1.02194,0.00000,0.00000,0.00000,0.00000,1.00000
100.38000,1.02194,0.00000,0.00000,0.00000,0.00000,1.00000
100.52000,1.02194,0.00000,0.00000,0.00000,0.00000,1.00000
100.66000,1.02193,0.00000,0.00000,0.00000,0.00000,1.00000
100.80000,1.02193,0.00000,0.00000,0.00000,0.00000,1.00000
100.94000,1.02193,0.00000,0.00000,0.00000,0.00000,1.00000
101.08000,1.02193,0.00000,0.00000,0.00000,0.00000,1.00000
101.22000,1.02193,0.00000,0.00000,0.00000,0.00000,1.00000
101.36000,1.02193,0.00000,0.00000,0.00000,0.00000,1.00000
101.50000,1.02193,0.00000,0.00000,0.00000,0.00000,1.00000
101.64000,1.02193,0.00000,0.00000,0.00000,0.00000,1.00000
101.78000,1.02194,0.00000,0.00000,0.00000,0.00000,1.00000
101.92000,1.02194,0.00000,0.00000,0.00000,0.00000,1.00000
102.06000,1.02194,0.00000,0.00000,0.00000,0.00000,1.00000
102.20000,1.02194,0.00000,0.00000,0.00000,0.00000,1.00000
102.34000,1.02194,0.00000,0.00000,0.00000,0.00000,1.00000
102.48000,1.02193,0.00000,0.00000,0.00000,0.00000,1.00000
102.62000,1.02193,0.00000,0.00000,0.00000,0.00000,1.00000
102.76000,1.02193,0.00000,0.00000,0.00000,0.00000,1.00000
102.90000,1.02193,0.00000,0.00000,0.00000,0.00000,1.00000
103.04000,1.02193,0.00000,0.00000,0.00000,0.00000,1.00000
103.18000,1.02193,0.00000,0.00000,0.00000,0.00000,1.00000
103.32000,1.02193,0.00000,0.00000,0.00000,0.00000,1.00000
103.46000,1.02194,0.00000,0.00000,0.00000,0.00000,1.00000
103.60000,1.02194,0.00000,0.00000,0.00000,0.00000,1.00000
103.74000,1.02194,0.00000,0.00000,0.00000,0.00000,1.00000
103.88000,1.02194,0.00000,0.00000,0.00000,0.00000,1.00000
104.02000,1.02194,0.00000,0.00000,0.00000,0.00000,1.00000
104.16000,1.02193,0.00000,0.00000,0.00000,0.00000,1.00000
104.30000,1.02193,0.00000,0.00000,0.00000,0.00000,1.00000
104.44000,1.02193,0.00000,0.00000,0.00000,0.00000,1.00000
104.58000,1.02193,0.00000,0.00000,0.00000,0.00000,1.00000
104.72000,1.02193,0.00000,0.00000,0.00000,0.00000,1.00000
104.86000,1.02193,0.00000,0.00000,0.00000,0.00000,1.00000
105.00000,1.02193,0.00000,0.00000,0.00000,0.00000,1.00000
105.14000,1.02193,0.00000,0.00000,0.00000,0.00000,1.00000
105.28000,1.02194,0.00000,0.00000,0.00000,0.00000,1.00000
105.42000,1.02194,0.00000,0.00000,0.00000,0.00000,1.00000
105.56000,1.02194,0.00000,0.00000,0.00000,0.00000,1.00000
105.70000,1.02194,0.00000,0.00000,0.00000,0.00000,1.00000
105.84000,1.02194,0.00000,0.00000,0.00000,0.00000,1.00000
105.98000,1.02193,0.00000,0.00000,0.00000,0.00000,1.00000
106.12000,1.02193,0.00000,0.00000,0.00000,0.00000,1.00000
106.26000,1.02193,0.00000,0.00000,0.00000,0.00000,1.00000
106.40000,1.02193,0.00000,0.00000,0.00000,0.00000,1.00000
106.54000,1.02193,0.00000,0.00000,0.00000,0.00000,1.00000
106.68000,1.02193,0.00000,0.00000,0.00000,0.00000,1.00000
106.82000,1.02193,0.00000,0.00000,0.00000,0.00000,1.00000
106.96000,1.02194,0.00000,0.00000,0.00000,0.00000,1.00000
107.10000,1.02194,0.00000,0.00000,0.00000,0.00000,1.00000
107.24000,1.02194,0.00000,0.00000,0.00000,0.00000,1.00000
107.38000,1.02194,0.00000,0.00000,0.00000,0.00000,1.00000
107.52000,1.02194,0.00000,0.00000,0.00000,0.00000,1.00000
107.66000,1.02193,0.00000,0.00000,0.00000,0.00000,1.00000
107.80000,1.02193,0.00000,0.00000,0.00000,0.00000,1.00000
107.94000,1.02193,0.00000,0.00000,0.00000,0.00000,1.00000
108.08000,1.02193,0.00000,0.00000,0.00000,0.00000,1.00000
108.22000,1.02193,0.00000,0.00000,0.00000,0.00000,1.00000
108.36000,1.02193,0.00000,0.00000,0.00000,0.00000,1.00000
108.50000,1.02193,0.00000,0.00000,0.00000,0.00000,1.00000
108.64000,1.02193,0.00000,0.00000,0.00000,0.00000,1.00000
108.78000,1.02194,0.00000,0.00000,0.00000,0.00000,1.00000
108.92000,1.02194,0.00000,0.00000,0.00000,0.00000,1.00000
109.06000,1.02194,0.00000,0.00000,0.00000,0.00000,1.00000
109.20000,1.02194,0.00000,0.00000,0.00000,0.00000,1.00000
109.34000,1.02194,0.00000,0.00000,0.00000,0.00000,1.00000
109.48000,1.02193,0.00000,0.00000,0.00000,0.00000,1.00000
109.62000,1.02193,0.00000,0.00000,0.00000,0.00000,1.00000
109.76000,1.02193,0.00000,0.00000,0.00000,0.00000,1.00000
109.90000,1.02193,0.00000,0.00000,0.00000,0.00000,1.00000
110.04000,1.02193,0.00000,0.00000,0.00000,0.00000,1.00000
110.18000,1.02193,0.00000,0.00000,0.00000,0.00000,1.00000
110.32000,1.02193,0.00000,0.00000,0.00000,0.00000,1.00000
110.46000,1.02194,0.00000,0.00000,0.00000,0.00000,1.00000
110.60000,1.02194,0.00000,0.00000,0.00000,0.00000,1.00000
110.74000,1.02194,0.00000,0.00000,0.00000,0.00000,1.00000
110.88000,1.02194,0.00000,0.00000,0.00000,0.00000,1.00000
111.02000,1.02194,0.00000,0.00000,0.00000,0.00000,1.00000
111.16000,1.02193,0.00000,0.00000,0.00000,0.00000,1.00000
111.30000,1.02193,0.00000,0.00000,0.00000,0.00000,1.00000
111.44000,1.02193,0.00000,0.00000,0.00000,0.00000,1.00000
111.58000,1.02193,0.00000,0.00000,0.00000,0.00000,1.00000
111.72000,1.02193,0.00000,0.00000,0.00000,0.00000,1.00000
111.86000,1.02193,0.00000,0.00000,0.00000,0.00000,1.00000
112.00000,1.02193,0.00000,0.00000,0.00000,0.00000,1.00000
112.14000,1.02193,0.00000,0.00000,0.00000,0.00000,1.00000
112.28000,1.02194,0.00000,0.00000,0.00000,0.00000,1.00000
112.42000,1.02194,0.00000,0.00000,0.00000,0.00000,1.00000
112.56000,1.02194,0.00000,0.00000,0.00000,0.00000,1.00000
112.70000,1.02194,0.00000,0.00000,0.00000,0.00000,1.00000
112.84000,1.02194,0.00000,0.00000,0.00000,0.00000,1.00000
112.98000,1.02193,0.00000,0.00000,0.00000,0.00000,1.00000
113.12000,1.02193,0.00000,0.00000,0.00000,0.00000,1.00000
113.26000,1.02193,0.00000,0.00000,0.00000,0.00000,1.00000
113.40000,1.02193,0.00000,0.00000,0.00000,0.00000,1.00000
113.54000,1.02193,0.00000,0.00000,0.00000,0.00000,1.00000
113.68000,1.02193,0.00000,0.00000,0.00000,0.00000,1.00000
113.82000,1.02193,0.00000,0.00000,0.00000,0.00000,1.00000
113.96000,1.02194,0.00000,0.00000,0.00000,0.00000,1.00000
114.10000,1.02194,0.00000,0.00000,0.00000,0.00000,1.00000
114.24000,1.02194,0.00000,0.00000,0.00000,0.00000,1.00000
114.38000,1.02194,0.00000,0.00000,0.00000,0.00000,1.00000
114.52000,1.02194,0.00000,0.00000,0.00000,0.00000,1.00000
114.66000,1.02193,0.00000,0.00000,0.00000,0.00000,1.00000
114.80000,1.02193,0.00000,0.00000,0.00000,0.00000,1.00000
114.94000,1.02193,0.00000,0.00000,0.00000,0.00000,1.00000
115.08000,1.02193,0.00000,0.00000,0.00000,0.00000,1.00000
115.22000,1.02193,0.00000,0.00000,0.00000,0.00000,1.00000
115.36000,1.02193,0.00000,0.00000,0.00000,0.00000,1.00000
115.50000,1.02193,0.00000,0.00000,0.00000,0.00000,1.00000
115.64000,1.02193,0.00000,0.00000,0.00000,0.00000,1.00000
115.78000,1.02194,0.00000,0.00000,0.00000,0.00000,1.00000
115.92000,1.02194,0.00000,0.00000,0.00000,0.00000,1.00000
116.06000,1.02194,0.00000,0.00000,0.00000,0.00000,1.00000
116.20000,1.02194,0.00000,0.00000,0.00000,0.00000,1.00000
116.34000,1.02194,0.00000,0.00000,0.00000,0.00000,1.00000
116.48000,1.02193,0.00000,0.00000,0.00000,0.00000,1.00000
116.62000,1.02193,0.00000,0.00000,0.00000,0.00000,1.00000
116.76000,1.02193,0.00000,0.00000,0.00000,0.00000,1.00000
116.90000,1.02193,0.00000,0.00000,0.00000,0.00000,1.00000
117.04000,1.02193,0.00000,0.00000,0.00000,0.00000,1.00000
117.18000,1.02193,0.00000,0.00000,0.00000,0.00000,1.00000
117.32000,1.02193,0.00000,0.00000,0.00000,0.00000,1.00000
117.46000,1.02194,0.00000,0.00000,0.00000,0.00000,1.00000
117.60000,1.02194,0.00000,0.00000,0.00000,0.00000,1.00000
117.74000,1.02194,0.00000,0.00000,0.00000,0.00000,1.00000
117.88000,1.02194,0.00000,0.00000,0.00000,0.00000,1.00000
118.02000,1.02194,0.00000,0.00000,0.00000,0.00000,1.00000
118.16000,1.02193,0.00000,0.00000,0.00000,0.00000,1.00000
118.30000,1.02193,0.00000,0.00000,0.00000,0.00000,1.00000
118.44000,1.02193,0.00000,0.00000,0.00000,0.00000,1.00000
118.58000,1.02193,0.00000,0.00000,0.00000,0.00000,1.00000
118.72000,1.02193,0.00000,0.00000,0.00000,0.00000,1.00000
118.86000,1.02193,0.00000,0.00000,0.00000,0.00000,1.00000
119.00000,1.02193,0.00000,0.00000,0.00000,0.00000,1.00000
119.14000,1.02193,0.00000,0.00000,0.00000,0.00000,1.00000
119.28000,1.02194,0.00000,0.00000,0.00000,0.00000,1.00000
119.42000,1.02194,0.00000,0.00000,0.00000,0.00000,1.00000
119.56000,1.02194,0.00000,0.00000,0.00000,0.00000,1.00000
119.70000,1.02194,0.00000,0.00000,0.00000,0.00000,1.00000
119.84000,1.02194,0.00000,0.00000,0.00000,0.00000,1.00000
119.98000,1.02193,0.00000,0.00000,0.00000,0.00000,1.00000
120.12000,1.02193,0.00000,0.00000,0.00000,0.00000,1.00000
120.26000,1.02193,0.00000,0.00000,0.00000,0.00000,1.00000
120.40000,1.02193,0.00000,0.00000,0.00000,0.00000,1.00000
120.54000,1.02193,0.00000,0.00000,0.00000,0.00000,1.00000
120.68000,1.02193,0.00000,0.00000,0.00000,0.00000,1.00000
120.82000,1.02193,0.00000,0.00000,0.00000,0.00000,1.00000
120.96000,1.02194,0.00000,0.00000,0.00000,0.00000,1.00000
121.10000,1.02194,0.00000,0.00000,0.00000,0.00000,1.00000
121.24000,1.02194,0.00000,0.00000,0.00000,0.00000,1.00000
121.38000,1.02194,0.00000,0.00000,0.00000,0.00000,1.00000
121.52000,1.02194,0.00000,0.00000,0.00000,0.00000,1.00000
121.66000,1.02193,0.00000,0.00000,0.00000,0.00000,1.00000
